900.00 -0.019896
902.75 -0.021330
905.50 -0.019971
908.25 -0.020399
911.00 -0.023822
913.75 -0.024482
916.50 -0.021991
919.25 -0.022225
922.00 -0.022756
924.75 -0.025342
927.50 -0.023386
930.25 -0.023228
933.00 -0.025043
935.75 -0.021614
938.50 -0.023814
941.25 -0.021495
944.00 -0.024342
946.75 -0.022691
949.50 -0.019292
952.25 -0.019029
955.00 -0.019520
957.75 -0.018604
960.50 -0.020122
963.25 -0.019140
966.00 -0.022308
968.75 -0.020278
971.50 -0.019439
974.25 -0.020397
977.00 -0.020264
979.75 -0.021286
982.50 -0.019145
985.25 -0.012688
988.00 -0.010990
990.75 -0.010623
993.50 -0.007226
996.25 -0.010817
999.00 -0.007370
1001.75 -0.006725
1004.50 -0.007774
1007.25 -0.011146
1010.00 -0.013459
1012.75 -0.015817
1015.50 -0.018940
1018.25 -0.024449
1021.00 -0.030431
1023.75 -0.034035
1026.50 -0.038977
1029.25 -0.039490
1032.00 -0.024816
1034.75 -0.013928
1037.50 -0.009111
1040.25 -0.006817
1043.00 -0.000677
1045.75 0.005276
1048.50 0.002387
1051.25 0.002121
1054.00 0.004851
1056.75 0.004384
1059.50 0.001326
1062.25 0.002026
1065.00 0.003378
1067.75 0.005032
1070.50 0.007202
1073.25 0.005968
1076.00 0.008464
1078.75 0.009115
1081.50 0.008689
1084.25 0.010930
1087.00 0.010364
1089.75 0.008617
1092.50 0.009865
1095.25 0.005662
1098.00 0.009336
1100.75 0.009932
1103.50 0.007390
1106.25 0.006961
1109.00 0.009632
1111.75 0.009656
1114.50 0.009141
1117.25 0.009875
1120.00 0.012322
1122.75 0.012217
1125.50 0.010088
1128.25 0.010561
1131.00 0.013995
1133.75 0.013935
1136.50 0.009047
1139.25 0.011509
1142.00 0.013145
1144.75 0.015901
1147.50 0.017366
1150.25 0.017883
1153.00 0.020064
1155.75 0.017432
1158.50 0.019325
1161.25 0.015313
1164.00 0.020344
1166.75 0.018544
1169.50 0.022810
1172.25 0.018964
1175.00 0.023746
1177.75 0.025780
1180.50 0.023802
1183.25 0.020778
1186.00 0.026182
1188.75 0.026205
1191.50 0.034111
1194.25 0.023016
1197.00 0.024365
1199.75 0.023007
1202.50 0.031613
1205.25 0.045470
1208.00 0.032647
1210.75 0.116487
1213.50 0.066057
1216.25 -0.030106
1219.00 -0.083684
1221.75 -0.092894
1224.50 -0.065903
1227.25 -0.051466
1230.00 -0.051190
1232.75 -0.041250
1235.50 -0.023532
1238.25 -0.013911
1241.00 -0.009782
1243.75 -0.004545
1246.50 -0.001122
1249.25 0.003876
1252.00 0.006705
1254.75 0.005832
1257.50 0.008030
1260.25 0.008267
1263.00 0.006377
1265.75 0.008011
1268.50 0.005492
1271.25 0.009580
1274.00 0.010153
1276.75 0.010873
1279.50 0.010762
1282.25 0.009926
1285.00 0.010570
1287.75 0.009955
1290.50 0.010907
1293.25 0.011097
1296.00 0.009826
1298.75 0.010419
1301.50 0.009840
1304.25 0.007615
1307.00 0.006437
1309.75 0.007602
1312.50 0.006787
1315.25 0.010577
1318.00 0.011067
1320.75 0.011386
1323.50 0.011751
1326.25 0.011791
1329.00 0.012768
1331.75 0.012695
1334.50 0.012599
1337.25 0.011711
1340.00 0.011768
1342.75 0.012313
1345.50 0.012094
1348.25 0.012893
1351.00 0.012415
1353.75 0.012095
1356.50 0.012018
1359.25 0.011853
1362.00 0.011172
1364.75 0.009976
1367.50 0.010049
1370.25 0.007805
1373.00 0.005693
1375.75 0.004936
1378.50 0.002628
1381.25 0.002000
1384.00 -0.000205
1386.75 0.000879
1389.50 0.001143
1392.25 0.000067
1395.00 0.001496
1397.75 0.003622
1400.50 0.005311
1403.25 0.006048
1406.00 0.007244
1408.75 0.007966
1411.50 0.006904
1414.25 0.008281
1417.00 0.009310
1419.75 0.008571
1422.50 0.008800
1425.25 0.009072
1428.00 0.008193
1430.75 0.009062
1433.50 0.009260
1436.25 0.008756
1439.00 0.008940
1441.75 0.008577
1444.50 0.008258
1447.25 0.007815
1450.00 0.007615
1452.75 0.008796
1455.50 0.008799
1458.25 0.008879
1461.00 0.009176
1463.75 0.009221
1466.50 0.010023
1469.25 0.010139
1472.00 0.009918
1474.75 0.010773
1477.50 0.010701
1480.25 0.010917
1483.00 0.011612
1485.75 0.011092
1488.50 0.010358
1491.25 0.010909
1494.00 0.010192
1496.75 0.011539
1499.50 0.011169
1502.25 0.010903
1505.00 0.011015
1507.75 0.010941
1510.50 0.009276
1513.25 0.006757
1516.00 0.004715
1518.75 0.004181
1521.50 0.000132
1524.25 -0.003886
1527.00 -0.006229
1529.75 -0.007687
1532.50 -0.011067
1535.25 -0.014089
1538.00 -0.017434
1540.75 -0.015757
1543.50 -0.011874
1546.25 -0.010158
1549.00 -0.019419
1551.75 -0.013835
1554.50 -0.004330
1557.25 -0.001230
1560.00 0.001815
1562.75 0.003035
1565.50 0.004028
1568.25 0.006149
1571.00 0.006180
1573.75 0.006914
1576.50 0.006947
1579.25 0.007278
1582.00 0.006910
1584.75 0.007163
1587.50 0.007654
1590.25 0.007957
1593.00 0.007818
1595.75 0.008102
1598.50 0.008042
1601.25 0.008060
1604.00 0.008745
1606.75 0.008000
1609.50 0.007463
1612.25 0.008078
1615.00 0.007716
1617.75 0.007761
1620.50 0.007414
1623.25 0.007189
1626.00 0.007529
1628.75 0.006907
1631.50 0.007257
1634.25 0.007748
1637.00 0.007150
1639.75 0.006433
1642.50 0.006182
1645.25 0.006566
1648.00 0.007198
1650.75 0.007185
1653.50 0.006575
1656.25 0.006970
1659.00 0.006361
1661.75 0.006805
1664.50 0.006887
1667.25 0.006391
1670.00 0.006566
1672.75 0.006296
1675.50 0.006725
1678.25 0.006649
1681.00 0.006781
1683.75 0.006442
1686.50 0.006832
1689.25 0.005862
1692.00 0.006751
1694.75 0.006231
1697.50 0.006315
1700.25 0.005977
1703.00 0.006716
1705.75 0.006564
1708.50 0.006491
1711.25 0.006277
1714.00 0.005980
1716.75 0.006597
1719.50 0.006367
1722.25 0.005753
1725.00 0.005623
1727.75 0.005962
1730.50 0.005966
1733.25 0.006020
1736.00 0.006211
1738.75 0.006219
1741.50 0.005837
1744.25 0.005535
1747.00 0.005752
1749.75 0.005843
1752.50 0.005623
1755.25 0.005586
1758.00 0.005186
1760.75 0.004892
1763.50 0.005315
1766.25 0.005077
1769.00 0.005040
1771.75 0.005570
1774.50 0.005647
1777.25 0.005738
1780.00 0.005513
1782.75 0.005663
1785.50 0.005485
1788.25 0.005645
1791.00 0.005523
1793.75 0.005321
1796.50 0.005876
1799.25 0.005641
1802.00 0.005271
1804.75 0.005802
1807.50 0.005696
1810.25 0.005608
1813.00 0.005768
1815.75 0.005202
1818.50 0.004959
1821.25 0.004972
1824.00 0.005107
1826.75 0.005431
1829.50 0.005295
1832.25 0.005363
1835.00 0.005148
1837.75 0.004961
1840.50 0.004814
1843.25 0.004999
1846.00 0.005006
1848.75 0.005152
1851.50 0.005047
1854.25 0.005660
1857.00 0.005656
1859.75 0.005821
1862.50 0.005944
1865.25 0.005771
1868.00 0.005985
1870.75 0.006383
1873.50 0.006124
1876.25 0.006543
1879.00 0.006010
1881.75 0.005959
1884.50 0.006384
1887.25 0.005771
1890.00 0.005741
1892.75 0.005265
1895.50 0.005324
1898.25 0.005707
1901.00 0.005687
1903.75 0.004722
1906.50 0.002815
1909.25 0.001184
1912.00 0.001297
1914.75 0.001656
1917.50 0.002820
1920.25 0.003277
1923.00 0.003579
1925.75 0.003094
1928.50 0.003370
1931.25 0.003881
1934.00 0.003568
1936.75 0.003621
1939.50 0.003382
1942.25 0.003437
1945.00 0.003524
1947.75 0.003192
1950.50 0.003323
1953.25 0.003419
1956.00 0.003251
1958.75 0.003345
1961.50 0.002947
1964.25 0.003039
1967.00 0.003070
1969.75 0.002768
1972.50 0.002739
1975.25 0.002780
1978.00 0.002750
1980.75 0.003011
1983.50 0.003097
1986.25 0.002853
1989.00 0.002515
1991.75 0.003249
1994.50 0.003035
1997.25 0.002809
2000.00 0.002489
2002.75 0.002403
2005.50 0.002805
2008.25 0.002190
2011.00 0.002431
2013.75 0.002336
2016.50 0.002663
2019.25 0.002256
2022.00 0.002130
2024.75 0.002286
2027.50 0.002436
2030.25 0.002435
2033.00 0.002497
2035.75 0.002374
2038.50 0.002376
2041.25 0.002093
2044.00 0.002516
2046.75 0.002073
2049.50 0.002135
2052.25 0.002549
2055.00 0.002511
2057.75 0.001900
2060.50 0.002185
2063.25 0.001688
2066.00 0.001749
2068.75 0.002171
2071.50 0.001756
2074.25 0.002042
2077.00 0.001419
2079.75 0.001538
2082.50 0.001527
2085.25 0.001182
2088.00 0.001396
2090.75 0.001411
2093.50 0.001478
2096.25 0.001466
2099.00 0.001351
2101.75 0.001409
2104.50 0.001781
2107.25 0.001295
2110.00 0.001558
2112.75 0.001204
2115.50 0.001470
2118.25 0.000932
2121.00 0.001547
2123.75 0.001405
2126.50 0.001415
2129.25 0.001139
2132.00 0.001464
2134.75 0.001863
2137.50 0.001925
2140.25 0.001234
2143.00 0.000899
2145.75 0.001457
2148.50 0.000963
2151.25 0.001501
2154.00 0.001397
2156.75 0.001858
2159.50 0.001095
2162.25 0.001065
2165.00 0.001510
2167.75 0.000676
2170.50 0.000917
2173.25 0.000689
2176.00 0.000631
2178.75 0.000635
2181.50 0.000618
2184.25 0.001374
2187.00 0.001053
2189.75 0.001109
2192.50 0.002504
2195.25 0.000928
2198.00 0.001160
2200.75 -0.000149
2203.50 0.001145
2206.25 0.000610
2209.00 0.001037
2211.75 0.000707
2214.50 0.001304
2217.25 0.000819
2220.00 0.000951
2222.75 0.000314
2225.50 0.000420
2228.25 0.001140
2231.00 0.000870
2233.75 -0.000113
2236.50 0.000416
2239.25 0.000024
2242.00 0.000237
2244.75 -0.000105
2247.50 0.000326
2250.25 0.000594
2253.00 0.000769
2255.75 0.000217
2258.50 -0.000077
2261.25 0.000240
2264.00 0.000164
2266.75 -0.000031
2269.50 0.000110
2272.25 -0.000098
2275.00 -0.003867
2277.75 -0.001710
2280.50 -0.000400
2283.25 -0.000744
2286.00 -0.000520
2288.75 -0.000284
2291.50 -0.000681
2294.25 -0.000096
2297.00 0.000127
2299.75 0.000026
2302.50 -0.000264
2305.25 -0.000193
2308.00 0.000186
2310.75 -0.000184
2313.50 0.000071
2316.25 -0.000413
2319.00 -0.000688
2321.75 -0.000425
2324.50 -0.000511
2327.25 -0.000509
2330.00 0.000145
2332.75 -0.000002
2335.50 0.000453
2338.25 0.000256
2341.00 0.000048
2343.75 -0.000115
2346.50 0.000044
2349.25 -0.000362
2352.00 -0.000720
2354.75 -0.000414
2357.50 -0.000019
2360.25 -0.000156
2363.00 -0.001061
2365.75 -0.000707
2368.50 -0.000937
2371.25 -0.000766
2374.00 -0.000659
2376.75 -0.000647
2379.50 -0.000701
2382.25 -0.000766
2385.00 -0.000342
2387.75 -0.001107
2390.50 -0.001139
2393.25 -0.000663
2396.00 -0.000515
2398.75 -0.001209
2401.50 -0.000808
2404.25 -0.000689
2407.00 -0.001311
2409.75 -0.000673
2412.50 -0.000470
2415.25 -0.000611
2418.00 -0.001231
2420.75 -0.000957
2423.50 -0.001346
2426.25 -0.000971
2429.00 -0.000750
2431.75 -0.000570
2434.50 -0.001129
2437.25 -0.000846
2440.00 -0.000973
2442.75 -0.000788
2445.50 -0.000947
2448.25 -0.000856
2451.00 -0.000921
2453.75 -0.001012
2456.50 -0.001723
2459.25 -0.002144
2462.00 -0.001705
2464.75 -0.001087
2467.50 -0.001739
2470.25 -0.001597
2473.00 -0.001360
2475.75 -0.001450
2478.50 -0.002141
2481.25 -0.001632
2484.00 -0.001532
2486.75 -0.001135
2489.50 -0.001400
2492.25 -0.000466
2495.00 -0.000447
2497.75 -0.001099
2500.50 -0.000581
2503.25 -0.001733
2506.00 -0.001303
2508.75 -0.000961
2511.50 -0.001384
2514.25 -0.001302
2517.00 -0.001449
2519.75 -0.002022
2522.50 -0.001594
2525.25 -0.001498
2528.00 -0.001428
2530.75 -0.000628
2533.50 -0.001407
2536.25 -0.001629
2539.00 -0.000954
2541.75 -0.001018
2544.50 -0.001285
2547.25 -0.001266
2550.00 -0.001423
2552.75 -0.001209
2555.50 -0.002508
2558.25 -0.002092
2561.00 -0.002645
2563.75 -0.002370
2566.50 -0.001524
2569.25 -0.001801
2572.00 -0.000962
2574.75 -0.001387
2577.50 -0.000659
2580.25 -0.001062
2583.00 -0.001955
2585.75 -0.001577
2588.50 -0.000925
2591.25 -0.001386
2594.00 -0.001623
2596.75 -0.001564
2599.50 -0.001596
2602.25 -0.002043
2605.00 -0.001621
2607.75 -0.000895
2610.50 -0.001199
2613.25 -0.000559
2616.00 -0.001390
2618.75 -0.000882
2621.50 -0.001573
2624.25 -0.001513
2627.00 -0.001540
2629.75 -0.001766
2632.50 -0.002841
2635.25 -0.001826
2638.00 -0.001781
2640.75 -0.000848
2643.50 -0.002152
2646.25 -0.001951
2649.00 -0.002146
2651.75 -0.002046
2654.50 -0.001728
2657.25 -0.001744
2660.00 -0.002525
2662.75 -0.001896
2665.50 -0.002509
2668.25 -0.002194
2671.00 -0.001769
2673.75 -0.001987
2676.50 -0.001836
2679.25 -0.001007
2682.00 -0.001992
2684.75 -0.002269
2687.50 -0.001600
2690.25 -0.001859
2693.00 -0.001929
2695.75 -0.002183
2698.50 -0.002171
2701.25 -0.001644
2704.00 -0.002736
2706.75 -0.001279
2709.50 -0.001416
2712.25 -0.001604
2715.00 -0.002678
2717.75 -0.002490
2720.50 -0.002262
2723.25 -0.002950
2726.00 -0.003065
2728.75 -0.002405
2731.50 -0.002550
2734.25 -0.003191
2737.00 -0.002707
2739.75 -0.003366
2742.50 0.000243
2745.25 -0.002037
2748.00 -0.002426
2750.75 -0.003707
2753.50 -0.003854
2756.25 -0.004354
2759.00 -0.002932
2761.75 -0.003086
2764.50 -0.002037
2767.25 -0.003397
2770.00 -0.002423
2772.75 -0.004277
2775.50 -0.003920
2778.25 -0.004408
2781.00 -0.004163
2783.75 -0.004043
2786.50 -0.004514
2789.25 -0.005204
2792.00 -0.004075
2794.75 -0.003927
2797.50 -0.007048
2800.25 -0.004526
2803.00 -0.005276
2805.75 -0.005601
2808.50 -0.006393
2811.25 -0.006152
2814.00 -0.003709
2816.75 -0.005061
2819.50 -0.002408
2822.25 -0.003485
2825.00 -0.003710
2827.75 -0.004627
2830.50 -0.004004
2833.25 -0.005788
2836.00 -0.003357
2838.75 -0.003981
2841.50 -0.003760
2844.25 -0.003891
2847.00 -0.001859
2849.75 -0.001854
2852.50 -0.002837
2855.25 -0.003512
2858.00 -0.001233
2860.75 -0.005855
2863.50 -0.002815
2866.25 -0.004231
2869.00 -0.005157
2871.75 -0.004387
2874.50 -0.005859
2877.25 -0.004996
2880.00 -0.004771
2882.75 -0.002512
2885.50 -0.005566
2888.25 -0.005243
2891.00 -0.004842
2893.75 -0.005543
2896.50 -0.005504
2899.25 -0.003337
2902.00 -0.005392
2904.75 -0.005906
2907.50 -0.008682
2910.25 -0.007840
2913.00 -0.007297
2915.75 -0.007122
2918.50 -0.008013
2921.25 -0.005484
2924.00 -0.003261
2926.75 -0.004986
2929.50 -0.003507
2932.25 -0.005685
2935.00 -0.003327
2937.75 -0.004510
2940.50 -0.002227
2943.25 -0.004447
2946.00 -0.004798
2948.75 -0.004594
2951.50 -0.003919
2954.25 -0.004416
2957.00 -0.003299
2959.75 -0.006137
2962.50 -0.003190
2965.25 -0.003738
2968.00 -0.004392
2970.75 -0.001224
2973.50 -0.003635
2976.25 -0.005733
2979.00 -0.006219
2981.75 -0.006318
2984.50 -0.004449
2987.25 -0.002614
2990.00 -0.005430
2992.75 -0.006353
2995.50 -0.005405
2998.25 -0.006692
3001.00 -0.004804
3003.75 -0.003576
3006.50 -0.005341
3009.25 -0.006905
3012.00 -0.004270
3014.75 -0.005849
3017.50 -0.004909
3020.25 -0.005832
3023.00 -0.006073
3025.75 -0.006482
3028.50 -0.007517
3031.25 -0.006512
3034.00 -0.008384
3036.75 -0.007642
3039.50 -0.008295
3042.25 -0.007313
3045.00 -0.007963
3047.75 -0.007135
3050.50 -0.009276
3053.25 -0.008463
3056.00 -0.006872
3058.75 -0.009388
3061.50 -0.004954
3064.25 -0.006147
3067.00 -0.007375
3069.75 -0.006133
3072.50 -0.007951
3075.25 -0.007574
3078.00 -0.006363
3080.75 -0.007479
3083.50 -0.009059
3086.25 -0.008884
3089.00 -0.008262
3091.75 -0.009233
3094.50 -0.006456
3097.25 -0.010478
3100.00 -0.008316
3102.75 -0.007771
3105.50 -0.009212
3108.25 -0.005868
3111.00 -0.008202
3113.75 -0.008161
3116.50 -0.008565
3119.25 -0.008167
3122.00 -0.008207
3124.75 -0.009192
3127.50 -0.008666
3130.25 -0.005710
3133.00 -0.007089
3135.75 -0.009771
3138.50 -0.008542
3141.25 -0.009849
3144.00 -0.007947
3146.75 -0.007673
3149.50 -0.009504
3152.25 -0.010911
3155.00 -0.011667
3157.75 -0.008064
3160.50 -0.007807
3163.25 -0.009131
3166.00 -0.009893
3168.75 -0.007941
3171.50 -0.011116
3174.25 -0.009902
3177.00 -0.008340
3179.75 -0.004345
3182.50 -0.005172
3185.25 -0.005302
3188.00 -0.005874
3190.75 -0.005837
3193.50 -0.006904
3196.25 -0.004474
3199.00 -0.008239
3201.75 -0.010044
3204.50 -0.008457
3207.25 -0.009970
3210.00 -0.008112
3212.75 -0.007816
3215.50 -0.009625
3218.25 -0.008249
3221.00 -0.007706
3223.75 -0.007723
3226.50 -0.009098
3229.25 -0.007443
3232.00 -0.008202
3234.75 -0.009658
3237.50 -0.006930
3240.25 -0.009419
3243.00 -0.010497
3245.75 -0.010993
3248.50 -0.009934
3251.25 -0.006353
3254.00 -0.008148
3256.75 -0.005808
3259.50 -0.011269
3262.25 -0.011511
3265.00 -0.011567
3267.75 -0.012042
3270.50 -0.012713
3273.25 -0.010874
3276.00 -0.009899
3278.75 -0.010327
3281.50 -0.009149
3284.25 -0.009488
3287.00 -0.009377
3289.75 -0.009599
3292.50 -0.012680
3295.25 -0.010341
3298.00 -0.010701
3300.75 -0.012617
3303.50 -0.011737
3306.25 -0.010332
3309.00 -0.011968
3311.75 -0.009212
3314.50 -0.011317
3317.25 -0.009465
3320.00 -0.011471
3322.75 -0.011189
3325.50 -0.009161
3328.25 -0.009985
3331.00 -0.011007
3333.75 -0.010918
3336.50 -0.010577
3339.25 -0.005411
3342.00 -0.009551
3344.75 -0.008350
3347.50 -0.006485
3350.25 -0.005695
3353.00 -0.010842
3355.75 -0.007516
3358.50 -0.007802
3361.25 -0.007085
3364.00 -0.008032
3366.75 -0.008561
3369.50 -0.009396
3372.25 -0.007291
3375.00 -0.008426
3377.75 -0.008947
3380.50 -0.009600
3383.25 -0.007713
3386.00 -0.008236
3388.75 -0.009692
3391.50 -0.011407
3394.25 -0.010013
3397.00 -0.010949
3399.75 -0.010344
3402.50 -0.007740
3405.25 -0.012050
3408.00 -0.008243
3410.75 -0.008887
3413.50 -0.007639
3416.25 -0.008045
3419.00 -0.010325
3421.75 -0.008864
3424.50 -0.009870
3427.25 -0.008145
3430.00 -0.009038
3432.75 -0.008632
3435.50 -0.008866
3438.25 -0.007431
3441.00 -0.006194
3443.75 -0.006536
3446.50 -0.006822
3449.25 -0.009126
3452.00 -0.008907
3454.75 -0.011586
3457.50 -0.008888
3460.25 -0.007634
3463.00 -0.010338
3465.75 -0.010253
3468.50 -0.013388
3471.25 -0.012668
3474.00 -0.010291
3476.75 -0.008544
3479.50 -0.011737
3482.25 -0.009670
3485.00 -0.009711
3487.75 -0.009824
3490.50 -0.006758
3493.25 -0.009292
3496.00 -0.009839
3498.75 -0.008821
3501.50 -0.009137
3504.25 -0.012119
3507.00 -0.010660
3509.75 -0.009416
3512.50 -0.008271
3515.25 -0.007863
3518.00 -0.011220
3520.75 -0.010724
3523.50 -0.009615
3526.25 -0.009791
3529.00 -0.009721
3531.75 -0.011769
3534.50 -0.011241
3537.25 -0.011216
3540.00 -0.014416
3542.75 -0.014331
3545.50 -0.012936
3548.25 -0.011091
3551.00 -0.011450
3553.75 -0.012457
3556.50 -0.011241
3559.25 -0.011489
3562.00 -0.009655
3564.75 -0.011293
3567.50 -0.007354
3570.25 -0.008613
3573.00 -0.008362
3575.75 -0.008288
3578.50 -0.008204
3581.25 -0.008286
3584.00 -0.007322
3586.75 -0.006939
3589.50 -0.008123
3592.25 -0.008504
3595.00 -0.008461
3597.75 -0.010061
3600.50 -0.012887
3603.25 -0.012341
3606.00 -0.010119
3608.75 -0.009825
3611.50 -0.007666
3614.25 -0.008871
3617.00 -0.010312
3619.75 -0.008558
3622.50 -0.006220
3625.25 -0.011052
3628.00 -0.010299
3630.75 -0.012260
3633.50 -0.011248
3636.25 -0.009612
3639.00 -0.010097
3641.75 -0.012998
3644.50 -0.010698
3647.25 -0.008493
3650.00 -0.011595
3652.75 -0.013598
3655.50 -0.013048
3658.25 -0.014749
3661.00 -0.013645
3663.75 -0.011439
3666.50 -0.011873
3669.25 -0.013482
3672.00 -0.011084
3674.75 -0.011875
3677.50 -0.010069
3680.25 -0.010807
3683.00 -0.013031
3685.75 -0.012429
3688.50 -0.009136
3691.25 -0.011524
3694.00 -0.009912
3696.75 -0.013764
3699.50 -0.011729
3702.25 -0.011395
3705.00 -0.010518
3707.75 -0.008011
3710.50 -0.011479
3713.25 -0.011576
3716.00 -0.012060
3718.75 -0.010770
3721.50 -0.009965
3724.25 -0.006960
3727.00 -0.007935
3729.75 -0.009041
3732.50 -0.009350
3735.25 -0.006487
3738.00 -0.007245
3740.75 -0.013357
3743.50 -0.011718
3746.25 -0.010410
3749.00 -0.008836
3751.75 -0.007395
3754.50 -0.010256
3757.25 -0.013511
3760.00 -0.012402
3762.75 -0.014098
3765.50 -0.012310
3768.25 -0.012691
3771.00 -0.010325
3773.75 -0.012034
3776.50 -0.015601
3779.25 -0.016717
3782.00 -0.020205
3784.75 -0.016529
3787.50 -0.015716
3790.25 -0.017182
3793.00 -0.016874
3795.75 -0.016130
3798.50 -0.013899
3801.25 -0.013725
3804.00 -0.018187
3806.75 -0.021398
3809.50 -0.020165
3812.25 -0.021267
3815.00 -0.019883
3817.75 -0.017519
3820.50 -0.016028
3823.25 -0.015479
3826.00 -0.017568
3828.75 -0.015605
3831.50 -0.012072
3834.25 -0.010003
3837.00 -0.009522
3839.75 -0.008682
3842.50 -0.014060
3845.25 -0.016201
3848.00 -0.012264
3850.75 -0.013204
3853.50 -0.018441
3856.25 -0.015761
3859.00 -0.014117
3861.75 -0.016272
3864.50 -0.018203
3867.25 -0.011365
3870.00 -0.010174
3872.75 -0.013858
3875.50 -0.009224
3878.25 -0.013645
3881.00 -0.013241
3883.75 -0.015473
3886.50 -0.009854
3889.25 -0.012236
3892.00 -0.011293
3894.75 -0.015796
3897.50 -0.014939
3900.25 -0.017609
3903.00 -0.019614
3905.75 -0.019064
3908.50 -0.021771
3911.25 -0.026337
3914.00 -0.021661
3916.75 -0.017635
3919.50 -0.020314
3922.25 -0.020349
3925.00 -0.020004
3927.75 -0.018536
3930.50 -0.016782
3933.25 -0.009853
3936.00 -0.009425
3938.75 -0.015255
3941.50 -0.012931
3944.25 -0.017453
3947.00 -0.016778
3949.75 -0.018117
3952.50 -0.017641
3955.25 -0.023423
3958.00 -0.019255
3960.75 -0.018245
3963.50 -0.011081
3966.25 -0.003486
3969.00 -0.001401
3971.75 -0.003773
3974.50 -0.006849
3977.25 -0.009713
3980.00 -0.019245
3982.75 -0.021765
3985.50 -0.021967
3988.25 -0.025953
3991.00 -0.025944
3993.75 -0.028955
3996.50 -0.025435
3999.25 -0.023756
4002.00 -0.027568
4004.75 -0.030283
4007.50 -0.026669
4010.25 -0.030648
4013.00 -0.027920
4015.75 -0.029365
4018.50 -0.028325
4021.25 -0.026978
4024.00 -0.026850
4026.75 -0.025643
4029.50 -0.030320
4032.25 -0.022340
4035.00 -0.025327
4037.75 -0.025216
4040.50 -0.026248
4043.25 -0.028666
4046.00 -0.027583
4048.75 -0.024897
4051.50 -0.029637
4054.25 -0.026416
4057.00 -0.029860
4059.75 -0.026938
4062.50 -0.029711
4065.25 -0.028681
4068.00 -0.028893
4070.75 -0.023568
4073.50 -0.028298
4076.25 -0.029242
4079.00 -0.032529
4081.75 -0.028079
4084.50 -0.030517
4087.25 -0.026688
4090.00 -0.027158
4092.75 -0.025503
4095.50 -0.021048
4098.25 -0.018317
4101.00 -0.015930
4103.75 -0.013767
4106.50 -0.016330
4109.25 -0.017003
4112.00 -0.018154
4114.75 -0.021562
4117.50 -0.023561
4120.25 -0.019940
4123.00 -0.021736
4125.75 -0.020633
4128.50 -0.019473
4131.25 -0.019693
4134.00 -0.020429
4136.75 -0.021917
4139.50 -0.025513
4142.25 -0.026242
4145.00 -0.025033
4147.75 -0.022673
4150.50 -0.024496
4153.25 -0.023727
4156.00 -0.023223
4158.75 -0.025115
4161.50 -0.028647
4164.25 -0.025024
4167.00 -0.026208
4169.75 -0.023748
4172.50 -0.025769
4175.25 -0.022576
4178.00 -0.022668
4180.75 -0.022317
4183.50 -0.022431
4186.25 -0.025495
4189.00 -0.023855
4191.75 -0.025815
4194.50 -0.025327
4197.25 -0.023975
4200.00 -0.024217
4202.75 -0.023317
4205.50 -0.027176
4208.25 -0.027678
4211.00 -0.024099
4213.75 -0.025898
4216.50 -0.029567
4219.25 -0.027962
4222.00 -0.025439
4224.75 -0.022350
4227.50 -0.022597
4230.25 -0.020226
4233.00 -0.024952
4235.75 -0.024773
4238.50 -0.023124
4241.25 -0.024537
4244.00 -0.025646
4246.75 -0.023814
4249.50 -0.024205
4252.25 -0.024018
4255.00 -0.023500
4257.75 -0.022642
4260.50 -0.026356
4263.25 -0.024756
4266.00 -0.027077
4268.75 -0.024671
4271.50 -0.021133
4274.25 -0.021181
4277.00 -0.021001
4279.75 -0.022599
4282.50 -0.022105
4285.25 -0.021337
4288.00 -0.022805
4290.75 -0.021076
4293.50 -0.018169
4296.25 -0.015833
4299.00 -0.014731
4301.75 -0.014003
4304.50 -0.015155
4307.25 -0.013650
4310.00 -0.011919
4312.75 -0.013689
4315.50 -0.016761
4318.25 -0.017816
4321.00 -0.014695
4323.75 -0.014610
4326.50 -0.010907
4329.25 -0.011066
4332.00 -0.013936
4334.75 -0.009632
4337.50 -0.004491
4340.25 -0.000241
4343.00 0.002344
4345.75 -0.002659
4348.50 -0.005935
4351.25 -0.008342
4354.00 -0.010416
4356.75 -0.013306
4359.50 -0.009466
4362.25 -0.011098
4365.00 -0.012591
4367.75 -0.015056
4370.50 -0.016432
4373.25 -0.014974
4376.00 -0.016268
4378.75 -0.018198
4381.50 -0.017803
4384.25 -0.016914
4387.00 -0.013976
4389.75 -0.017931
4392.50 -0.019849
4395.25 -0.019698
4398.00 -0.020876
4400.75 -0.021013
4403.50 -0.017576
4406.25 -0.019825
4409.00 -0.020122
4411.75 -0.020577
4414.50 -0.020895
4417.25 -0.021742
4420.00 -0.021755
4422.75 -0.022535
4425.50 -0.022178
4428.25 -0.027047
4431.00 -0.024548
4433.75 -0.021019
4436.50 -0.022749
4439.25 -0.022927
4442.00 -0.025233
4444.75 -0.023928
4447.50 -0.024792
4450.25 -0.023113
4453.00 -0.021881
4455.75 -0.022215
4458.50 -0.020617
4461.25 -0.019801
4464.00 -0.021383
4466.75 -0.021302
4469.50 -0.022103
4472.25 -0.023219
4475.00 -0.022940
4477.75 -0.023907
4480.50 -0.022425
4483.25 -0.023039
4486.00 -0.024925
4488.75 -0.025733
4491.50 -0.021690
4494.25 -0.020195
4497.00 -0.018526
4499.75 -0.020444
4502.50 -0.022009
4505.25 -0.023571
4508.00 -0.024234
4510.75 -0.023856
4513.50 -0.021125
4516.25 -0.020449
4519.00 -0.022211
4521.75 -0.020346
4524.50 -0.021473
4527.25 -0.017993
4530.00 -0.018096
4532.75 -0.016590
4535.50 -0.017385
4538.25 -0.019065
4541.00 -0.019858
4543.75 -0.019865
4546.50 -0.018662
4549.25 -0.020580
4552.00 -0.017692
4554.75 -0.017903
4557.50 -0.018209
4560.25 -0.021417
4563.00 -0.022237
4565.75 -0.020668
4568.50 -0.019424
4571.25 -0.018554
4574.00 -0.020480
4576.75 -0.021402
4579.50 -0.017553
4582.25 -0.018042
4585.00 -0.017069
4587.75 -0.017004
4590.50 -0.017552
4593.25 -0.018182
4596.00 -0.019092
4598.75 -0.018504
4601.50 -0.018482
4604.25 -0.018564
4607.00 -0.020236
4609.75 -0.018751
4612.50 -0.018065
4615.25 -0.019952
4618.00 -0.022184
4620.75 -0.019959
4623.50 -0.020999
4626.25 -0.019458
4629.00 -0.020281
4631.75 -0.020181
4634.50 -0.017545
4637.25 -0.018555
4640.00 -0.014692
4642.75 -0.018599
4645.50 -0.017149
4648.25 -0.017593
4651.00 -0.016527
4653.75 -0.017747
4656.50 -0.016975
4659.25 -0.015899
4662.00 -0.018086
4664.75 -0.017006
4667.50 -0.016631
4670.25 -0.015617
4673.00 -0.016564
4675.75 -0.016344
4678.50 -0.014358
4681.25 -0.015470
4684.00 -0.015267
4686.75 -0.016366
4689.50 -0.015372
4692.25 -0.017658
4695.00 -0.018522
4697.75 -0.017649
4700.50 -0.019086
4703.25 -0.018107
4706.00 -0.021206
4708.75 -0.018960
4711.50 -0.019355
4714.25 -0.018120
4717.00 -0.018970
4719.75 -0.019964
4722.50 -0.020272
4725.25 -0.020833
4728.00 -0.018194
4730.75 -0.019466
4733.50 -0.020105
4736.25 -0.020722
4739.00 -0.021210
4741.75 -0.020790
4744.50 -0.019563
4747.25 -0.021757
4750.00 -0.021472
4752.75 -0.018056
4755.50 -0.021022
4758.25 -0.018977
4761.00 -0.019337
4763.75 -0.020081
4766.50 -0.019409
4769.25 -0.020899
4772.00 -0.019700
4774.75 -0.020692
4777.50 -0.020717
4780.25 -0.020378
4783.00 -0.019794
4785.75 -0.021344
4788.50 -0.018933
4791.25 -0.021396
4794.00 -0.020434
4796.75 -0.020937
4799.50 -0.019938
4802.25 -0.017026
4805.00 -0.019234
4807.75 -0.016251
4810.50 -0.015609
4813.25 -0.014481
4816.00 -0.013645
4818.75 -0.014106
4821.50 -0.015486
4824.25 -0.014755
4827.00 -0.012693
4829.75 -0.009537
4832.50 -0.009437
4835.25 -0.008844
4838.00 -0.007238
4840.75 -0.002375
4843.50 -0.000748
4846.25 0.002531
4849.00 0.004470
4851.75 0.010790
4854.50 0.014058
4857.25 0.019742
4860.00 0.029211
4862.75 0.032056
4865.50 0.032142
4868.25 0.023234
4871.00 0.017895
4873.75 0.013686
4876.50 0.010358
4879.25 0.006319
4882.00 0.002051
4884.75 0.002758
4887.50 -0.000915
4890.25 -0.002170
4893.00 -0.001903
4895.75 -0.003747
4898.50 -0.007864
4901.25 -0.009546
4904.00 -0.008786
4906.75 -0.009546
4909.50 -0.009911
4912.25 -0.010032
4915.00 -0.010619
4917.75 -0.012563
4920.50 -0.012765
4923.25 -0.010179
4926.00 -0.009535
4928.75 -0.011914
4931.50 -0.012472
4934.25 -0.013581
4937.00 -0.015508
4939.75 -0.013995
4942.50 -0.014202
4945.25 -0.013031
4948.00 -0.013802
4950.75 -0.014493
4953.50 -0.009838
4956.25 0.003221
4959.00 0.021273
4961.75 0.017136
4964.50 0.000770
4967.25 -0.009794
4970.00 -0.016176
4972.75 -0.016994
4975.50 -0.019048
4978.25 -0.016497
4981.00 -0.016019
4983.75 -0.013043
4986.50 -0.014206
4989.25 -0.011134
4992.00 -0.009623
4994.75 -0.007772
4997.50 -0.001251
5000.25 0.009102
5003.00 0.032744
5005.75 0.080509
5008.50 0.108941
5011.25 0.065323
5014.00 0.017510
5016.75 0.001876
5019.50 -0.004836
5022.25 -0.009270
5025.00 -0.011607
5027.75 -0.012462
5030.50 -0.014788
5033.25 -0.015818
5036.00 -0.015902
5038.75 -0.015862
5041.50 -0.014639
5044.25 -0.013786
5047.00 -0.015974
5049.75 -0.018546
5052.50 -0.014010
5055.25 -0.017256
5058.00 -0.016410
5060.75 -0.017247
5063.50 -0.018349
5066.25 -0.017171
5069.00 -0.016777
5071.75 -0.017702
5074.50 -0.017824
5077.25 -0.016366
5080.00 -0.014154
5082.75 -0.016712
5085.50 -0.014583
5088.25 -0.017875
5091.00 -0.017322
5093.75 -0.017029
5096.50 -0.017884
5099.25 -0.016735
5102.00 -0.016658
5104.75 -0.016438
5107.50 -0.013622
5110.25 -0.014958
5113.00 -0.016753
5115.75 -0.016625
5118.50 -0.015586
5121.25 -0.015915
5124.00 -0.014442
5126.75 -0.011145
5129.50 -0.014142
5132.25 -0.014214
5135.00 -0.013852
5137.75 -0.012591
5140.50 -0.012169
5143.25 -0.013345
5146.00 -0.010895
5148.75 -0.010889
5151.50 -0.010160
5154.25 -0.010622
5157.00 -0.009142
5159.75 -0.009558
5162.50 -0.008123
5165.25 -0.006850
5168.00 -0.006651
5170.75 -0.005091
5173.50 -0.005716
5176.25 -0.006637
5179.00 -0.006850
5181.75 -0.007594
5184.50 -0.006517
5187.25 -0.006503
5190.00 -0.008358
5192.75 -0.009626
5195.50 -0.008381
5198.25 -0.010465
5201.00 -0.010801
5203.75 -0.010728
5206.50 -0.008414
5209.25 -0.008820
5212.00 -0.011600
5214.75 -0.010375
5217.50 -0.012720
5220.25 -0.011403
5223.00 -0.011584
5225.75 -0.013260
5228.50 -0.011260
5231.25 -0.011090
5234.00 -0.010926
5236.75 -0.011856
5239.50 -0.012518
5242.25 -0.013213
5245.00 -0.013748
5247.75 -0.013413
5250.50 -0.013130
5253.25 -0.011793
5256.00 -0.013336
5258.75 -0.011383
5261.50 -0.013149
5264.25 -0.011156
5267.00 -0.010050
5269.75 -0.010222
5272.50 -0.008792
5275.25 -0.010135
5278.00 -0.010722
5280.75 -0.010046
5283.50 -0.011926
5286.25 -0.012614
5289.00 -0.012714
5291.75 -0.012949
5294.50 -0.011851
5297.25 -0.014764
5300.00 -0.013478
5302.75 -0.014126
5305.50 -0.014070
5308.25 -0.014018
5311.00 -0.013302
5313.75 -0.012742
5316.50 -0.012781
5319.25 -0.013788
5322.00 -0.013322
5324.75 -0.013416
5327.50 -0.012395
5330.25 -0.011622
5333.00 -0.014072
5335.75 -0.013514
5338.50 -0.013595
5341.25 -0.014672
5344.00 -0.014190
5346.75 -0.014997
5349.50 -0.013823
5352.25 -0.014497
5355.00 -0.015921
5357.75 -0.016255
5360.50 -0.016008
5363.25 -0.015166
5366.00 -0.014569
5368.75 -0.014050
5371.50 -0.012760
5374.25 -0.013555
5377.00 -0.015185
5379.75 -0.016970
5382.50 -0.014795
5385.25 -0.016304
5388.00 -0.014847
5390.75 -0.016023
5393.50 -0.015162
5396.25 -0.015122
5399.00 -0.015463
5401.75 -0.014056
5404.50 -0.013046
5407.25 -0.014053
5410.00 -0.014175
5412.75 -0.014273
5415.50 -0.015329
5418.25 -0.015513
5421.00 -0.014405
5423.75 -0.014006
5426.50 -0.013421
5429.25 -0.015163
5432.00 -0.014495
5434.75 -0.013841
5437.50 -0.014104
5440.25 -0.014466
5443.00 -0.014926
5445.75 -0.017809
5448.50 -0.016327
5451.25 -0.015831
5454.00 -0.015243
5456.75 -0.015978
5459.50 -0.014488
5462.25 -0.015818
5465.00 -0.015545
5467.75 -0.014729
5470.50 -0.013943
5473.25 -0.013778
5476.00 -0.013706
5478.75 -0.013888
5481.50 -0.015413
5484.25 -0.016072
5487.00 -0.014955
5489.75 -0.014536
5492.50 -0.015377
5495.25 -0.015939
5498.00 -0.014371
5500.75 -0.013403
5503.50 -0.014148
5506.25 -0.014047
5509.00 -0.014575
5511.75 -0.014443
5514.50 -0.013010
5517.25 -0.015390
5520.00 -0.015144
5522.75 -0.014802
5525.50 -0.014567
5528.25 -0.013103
5531.00 -0.014364
5533.75 -0.014366
5536.50 -0.013628
5539.25 -0.014211
5542.00 -0.014712
5544.75 -0.014540
5547.50 -0.014144
5550.25 -0.014189
5553.00 -0.015450
5555.75 -0.014807
5558.50 -0.014766
5561.25 -0.014729
5564.00 -0.015057
5566.75 -0.014540
5569.50 -0.013370
5572.25 -0.011862
5575.00 -0.011872
5577.75 -0.012691
5580.50 -0.013692
5583.25 -0.012677
5586.00 -0.012793
5588.75 -0.013909
5591.50 -0.012747
5594.25 -0.012230
5597.00 -0.012283
5599.75 -0.015164
5602.50 -0.013406
5605.25 -0.013560
5608.00 -0.014693
5610.75 -0.014478
5613.50 -0.015139
5616.25 -0.013314
5619.00 -0.011060
5621.75 -0.014634
5624.50 -0.013867
5627.25 -0.013266
5630.00 -0.014876
5632.75 -0.015655
5635.50 -0.016388
5638.25 -0.016715
5641.00 -0.014621
5643.75 -0.016063
5646.50 -0.015654
5649.25 -0.015114
5652.00 -0.015958
5654.75 -0.014956
5657.50 -0.015864
5660.25 -0.014333
5663.00 -0.015766
5665.75 -0.014298
5668.50 -0.013468
5671.25 -0.014388
5674.00 -0.013764
5676.75 -0.015513
5679.50 -0.015215
5682.25 -0.013868
5685.00 -0.014962
5687.75 -0.012345
5690.50 -0.013048
5693.25 -0.011311
5696.00 -0.014380
5698.75 -0.015453
5701.50 -0.014763
5704.25 -0.012977
5707.00 -0.012448
5709.75 -0.013267
5712.50 -0.012171
5715.25 -0.012837
5718.00 -0.011994
5720.75 -0.010261
5723.50 -0.011518
5726.25 -0.012432
5729.00 -0.013274
5731.75 -0.014166
5734.50 -0.013934
5737.25 -0.014158
5740.00 -0.012514
5742.75 -0.013260
5745.50 -0.012187
5748.25 -0.011964
5751.00 -0.012091
5753.75 -0.011680
5756.50 -0.013409
5759.25 -0.011946
5762.00 -0.011392
5764.75 -0.011909
5767.50 -0.010948
5770.25 -0.012322
5773.00 -0.012715
5775.75 -0.012166
5778.50 -0.011004
5781.25 -0.011293
5784.00 -0.009979
5786.75 -0.009956
5789.50 -0.011131
5792.25 -0.011343
5795.00 -0.011053
5797.75 -0.012008
5800.50 -0.011054
5803.25 -0.011797
5806.00 -0.014089
5808.75 -0.011484
5811.50 -0.011081
5814.25 -0.010769
5817.00 -0.011304
5819.75 -0.012442
5822.50 -0.012042
5825.25 -0.009115
5828.00 -0.012545
5830.75 -0.010884
5833.50 -0.010770
5836.25 -0.009431
5839.00 -0.009110
5841.75 -0.009638
5844.50 -0.010098
5847.25 -0.009974
5850.00 -0.010701
5852.75 -0.008463
5855.50 -0.010869
5858.25 -0.009709
5861.00 -0.008112
5863.75 -0.007431
5866.50 -0.006513
5869.25 -0.007912
5872.00 -0.006572
5874.75 -0.006676
5877.50 -0.004929
5880.25 -0.006597
5883.00 -0.006451
5885.75 -0.006291
5888.50 -0.004840
5891.25 -0.002626
5894.00 -0.004849
5896.75 -0.005351
5899.50 -0.006766
5902.25 -0.007070
5905.00 -0.006817
5907.75 -0.009458
5910.50 -0.009009
5913.25 -0.009521
5916.00 -0.007946
5918.75 -0.008615
5921.50 -0.008435
5924.25 -0.011082
5927.00 -0.009358
5929.75 -0.011138
5932.50 -0.012779
5935.25 -0.010699
5938.00 -0.010674
5940.75 -0.009990
5943.50 -0.011692
5946.25 -0.011778
5949.00 -0.011211
5951.75 -0.011114
5954.50 -0.010584
5957.25 -0.011565
5960.00 -0.012182
5962.75 -0.009555
5965.50 -0.010396
5968.25 -0.008258
5971.00 -0.010197
5973.75 -0.009260
5976.50 -0.008916
5979.25 -0.010257
5982.00 -0.008451
5984.75 -0.009844
5987.50 -0.010832
5990.25 -0.009634
5993.00 -0.011040
5995.75 -0.009076
5998.50 -0.009639
6001.25 -0.009294
6004.00 -0.009953
6006.75 -0.009920
6009.50 -0.010064
6012.25 -0.010156
6015.00 -0.010850
6017.75 -0.011888
6020.50 -0.009484
6023.25 -0.007617
6026.00 -0.009455
6028.75 -0.008727
6031.50 -0.010483
6034.25 -0.010347
6037.00 -0.012265
6039.75 -0.011022
6042.50 -0.009028
6045.25 -0.009065
6048.00 -0.011019
6050.75 -0.009574
6053.50 -0.010566
6056.25 -0.010564
6059.00 -0.010032
6061.75 -0.010070
6064.50 -0.010072
6067.25 -0.009863
6070.00 -0.009598
6072.75 -0.009026
6075.50 -0.009534
6078.25 -0.009963
6081.00 -0.008316
6083.75 -0.007404
6086.50 -0.007427
6089.25 -0.006257
6092.00 -0.007813
6094.75 -0.009445
6097.50 -0.008613
6100.25 -0.007909
6103.00 -0.009266
6105.75 -0.008245
6108.50 -0.008253
6111.25 -0.007836
6114.00 -0.008058
6116.75 -0.006994
6119.50 -0.005904
6122.25 -0.005656
6125.00 -0.005535
6127.75 -0.006547
6130.50 -0.006638
6133.25 -0.002649
6136.00 -0.004581
6138.75 -0.005081
6141.50 -0.004207
6144.25 -0.005119
6147.00 -0.007122
6149.75 -0.006832
6152.50 -0.005078
6155.25 -0.004753
6158.00 -0.004363
6160.75 -0.004123
6163.50 -0.002837
6166.25 -0.002772
6169.00 -0.003935
6171.75 -0.002459
6174.50 -0.003395
6177.25 -0.003331
6180.00 -0.003365
6182.75 -0.003626
6185.50 -0.004178
6188.25 -0.003835
6191.00 -0.003655
6193.75 -0.003190
6196.50 -0.001114
6199.25 -0.003548
6202.00 -0.002996
6204.75 -0.003384
6207.50 -0.003794
6210.25 -0.003273
6213.00 -0.003795
6215.75 -0.003300
6218.50 -0.003723
6221.25 -0.004831
6224.00 -0.003400
6226.75 -0.002835
6229.50 -0.002177
6232.25 -0.001444
6235.00 -0.001899
6237.75 -0.001376
6240.50 -0.000236
6243.25 0.000498
6246.00 -0.001415
6248.75 0.000373
6251.50 -0.001162
6254.25 -0.000924
6257.00 -0.001691
6259.75 -0.002003
6262.50 -0.002401
6265.25 -0.003123
6268.00 -0.002249
6270.75 -0.001330
6273.50 -0.000307
6276.25 -0.001141
6279.00 0.000623
6281.75 -0.000300
6284.50 -0.001054
6287.25 -0.001129
6290.00 -0.001790
6292.75 -0.001088
6295.50 -0.001190
6298.25 -0.002206
6301.00 0.001542
6303.75 0.000427
6306.50 0.001339
6309.25 -0.000478
6312.00 0.001107
6314.75 -0.000216
6317.50 -0.001737
6320.25 -0.001447
6323.00 -0.000496
6325.75 -0.002063
6328.50 -0.001420
6331.25 -0.002274
6334.00 -0.000473
6336.75 -0.000517
6339.50 0.000177
6342.25 0.001488
6345.00 0.000356
6347.75 0.000951
6350.50 0.000286
6353.25 -0.000245
6356.00 0.000285
6358.75 0.000900
6361.50 0.000055
6364.25 0.001349
6367.00 0.001201
6369.75 0.000992
6372.50 0.000216
6375.25 -0.000500
6378.00 -0.001034
6380.75 -0.001933
6383.50 0.000901
6386.25 0.000120
6389.00 0.000608
6391.75 0.000999
6394.50 0.001103
6397.25 0.000350
6400.00 -0.000399
6402.75 -0.002489
6405.50 -0.000700
6408.25 -0.000286
6411.00 0.001538
6413.75 0.001932
6416.50 0.000345
6419.25 0.002282
6422.00 0.003404
6424.75 0.003832
6427.50 0.001897
6430.25 0.003171
6433.00 0.002722
6435.75 0.003451
6438.50 0.003649
6441.25 0.005216
6444.00 0.005253
6446.75 0.006301
6449.50 0.006235
6452.25 0.006748
6455.00 0.004721
6457.75 0.006527
6460.50 0.008089
6463.25 0.007164
6466.00 0.009627
6468.75 0.009221
6471.50 0.007975
6474.25 0.008274
6477.00 0.008300
6479.75 0.012198
6482.50 0.012797
6485.25 0.013428
6488.00 0.015130
6490.75 0.016213
6493.50 0.017384
6496.25 0.019510
6499.00 0.020631
6501.75 0.022789
6504.50 0.025607
6507.25 0.029745
6510.00 0.032633
6512.75 0.034047
6515.50 0.037099
6518.25 0.040087
6521.00 0.043633
6523.75 0.048336
6526.50 0.052172
6529.25 0.055877
6532.00 0.062164
6534.75 0.069252
6537.50 0.076987
6540.25 0.086223
6543.00 0.097659
6545.75 0.107770
6548.50 0.122824
6551.25 0.138776
6554.00 0.152005
6556.75 0.168081
6559.50 0.188127
6562.25 0.219088
6565.00 0.251691
6567.75 0.241591
6570.50 0.201814
6573.25 0.178105
6576.00 0.162312
6578.75 0.151664
6581.50 0.142763
6584.25 0.141439
6587.00 0.139429
6589.75 0.118817
6592.50 0.100079
6595.25 0.087596
6598.00 0.080556
6600.75 0.074336
6603.50 0.067289
6606.25 0.060002
6609.00 0.056474
6611.75 0.051012
6614.50 0.046255
6617.25 0.043690
6620.00 0.039609
6622.75 0.034538
6625.50 0.032281
6628.25 0.030452
6631.00 0.027093
6633.75 0.026183
6636.50 0.024392
6639.25 0.022100
6642.00 0.023090
6644.75 0.020596
6647.50 0.019497
6650.25 0.018078
6653.00 0.017756
6655.75 0.016127
6658.50 0.016256
6661.25 0.014024
6664.00 0.014805
6666.75 0.013300
6669.50 0.012449
6672.25 0.011810
6675.00 0.012084
6677.75 0.012062
6680.50 0.010283
6683.25 0.011242
6686.00 0.010703
6688.75 0.010450
6691.50 0.009227
6694.25 0.008163
6697.00 0.007687
6699.75 0.007316
6702.50 0.008719
6705.25 0.007433
6708.00 0.008249
6710.75 0.009048
6713.50 0.008249
6716.25 0.012211
6719.00 0.014163
6721.75 0.014349
6724.50 0.011357
6727.25 0.009863
6730.00 0.009742
6732.75 0.012180
6735.50 0.011863
6738.25 0.008287
6741.00 0.004724
6743.75 0.004818
6746.50 0.003477
6749.25 0.002506
6752.00 0.002249
6754.75 0.003228
6757.50 0.003393
6760.25 0.004089
6763.00 0.005017
6765.75 0.004217
6768.50 0.004658
6771.25 0.004916
6774.00 0.004411
6776.75 0.003435
6779.50 0.003688
6782.25 0.001822
6785.00 0.002302
6787.75 0.002314
6790.50 0.002418
6793.25 0.003097
6796.00 0.003017
6798.75 0.002912
6801.50 0.002485
6804.25 0.003331
6807.00 0.003156
6809.75 0.001486
6812.50 0.002282
6815.25 0.002732
6818.00 0.002496
6820.75 0.002011
6823.50 0.002300
6826.25 0.003794
6829.00 0.000272
6831.75 0.000839
6834.50 0.000856
6837.25 0.000195
6840.00 0.001005
6842.75 0.001126
6845.50 0.001406
6848.25 0.000286
6851.00 0.000588
6853.75 0.001244
6856.50 0.000444
6859.25 0.000423
6862.00 0.000885
6864.75 0.001149
6867.50 0.000836
6870.25 0.002411
6873.00 0.000335
6875.75 0.001116
6878.50 0.001265
6881.25 0.002076
6884.00 0.001636
6886.75 0.001035
6889.50 0.001507
6892.25 0.001930
6895.00 0.000920
6897.75 0.001028
6900.50 0.001754
6903.25 0.001781
6906.00 0.001849
6908.75 0.001524
6911.50 0.000685
6914.25 0.002329
6917.00 0.001292
6919.75 0.001644
6922.50 0.001605
6925.25 0.000459
6928.00 0.000880
6930.75 -0.000518
6933.50 -0.000833
6936.25 -0.000070
6939.00 0.000100
6941.75 0.000646
6944.50 -0.000394
6947.25 0.000500
6950.00 0.001593
6952.75 0.002980
6955.50 0.001136
6958.25 0.000966
6961.00 -0.000642
6963.75 0.000720
6966.50 0.001007
6969.25 0.001000
6972.00 0.000037
6974.75 -0.000174
6977.50 0.000048
6980.25 0.001776
6983.00 0.000529
6985.75 0.000198
6988.50 0.001139
6991.25 0.001055
6994.00 0.001267
6996.75 0.000608
6999.50 0.000791
7002.25 0.000837
7005.00 -0.000510
7007.75 0.000332
7010.50 0.000852
7013.25 0.000689
7016.00 -0.000255
7018.75 0.000347
7021.50 -0.000545
7024.25 0.000030
7027.00 -0.000235
7029.75 0.000134
7032.50 -0.000795
7035.25 -0.000215
7038.00 0.000367
7040.75 -0.000753
7043.50 -0.001203
7046.25 -0.001073
7049.00 -0.000126
7051.75 -0.000179
7054.50 -0.000199
7057.25 0.000141
7060.00 0.000172
7062.75 0.001021
7065.50 0.000378
7068.25 0.000414
7071.00 0.001595
7073.75 0.000628
7076.50 0.000182
7079.25 -0.000697
7082.00 -0.000655
7084.75 -0.000181
7087.50 -0.000057
7090.25 -0.000998
7093.00 -0.001135
7095.75 -0.001521
7098.50 -0.001393
7101.25 -0.000439
7104.00 -0.001100
7106.75 -0.000991
7109.50 -0.000923
7112.25 -0.001347
7115.00 -0.000555
7117.75 0.000180
7120.50 -0.000637
7123.25 0.000388
7126.00 0.000352
7128.75 -0.000130
7131.50 -0.000508
7134.25 0.000397
7137.00 0.000039
7139.75 0.000170
7142.50 -0.000320
7145.25 0.000411
7148.00 0.000206
7150.75 -0.000104
7153.50 0.000277
7156.25 0.000132
7159.00 -0.000534
7161.75 0.000477
7164.50 -0.000254
7167.25 -0.000139
7170.00 -0.000479
7172.75 -0.000698
7175.50 0.000196
7178.25 0.000394
7181.00 -0.000203
7183.75 0.000197
7186.50 0.000336
7189.25 0.001179
7192.00 0.000876
7194.75 0.000361
7197.50 -0.000299
7200.25 -0.000246
7203.00 -0.001868
7205.75 -0.000655
7208.50 -0.000300
7211.25 -0.001191
7214.00 0.000204
7216.75 -0.000447
7219.50 0.000475
7222.25 0.001062
7225.00 0.000215
7227.75 -0.000104
7230.50 -0.001085
7233.25 -0.001100
7236.00 -0.001864
7238.75 -0.000205
7241.50 -0.000404
7244.25 -0.001655
7247.00 -0.000678
7249.75 -0.001128
7252.50 -0.000816
7255.25 -0.000484
7258.00 -0.001020
7260.75 -0.000809
7263.50 -0.000448
7266.25 -0.000709
7269.00 -0.000840
7271.75 -0.000875
7274.50 -0.000429
7277.25 -0.000315
7280.00 -0.000407
7282.75 -0.000359
7285.50 -0.001018
7288.25 -0.000128
7291.00 -0.000918
7293.75 -0.000758
7296.50 -0.000371
7299.25 0.000056
7302.00 0.000246
7304.75 0.000519
7307.50 -0.000040
7310.25 -0.001635
7313.00 -0.000839
7315.75 -0.001139
7318.50 -0.001172
7321.25 -0.000456
7324.00 0.000222
7326.75 0.000720
7329.50 0.000371
7332.25 -0.000133
7335.00 0.000268
7337.75 -0.000035
7340.50 0.000185
7343.25 -0.000227
7346.00 0.000181
7348.75 0.000168
7351.50 -0.000682
7354.25 0.000084
7357.00 -0.000175
7359.75 -0.000181
7362.50 0.000334
7365.25 0.000223
7368.00 0.000774
7370.75 0.000834
7373.50 0.000386
7376.25 -0.000207
7379.00 -0.000513
7381.75 0.000656
7384.50 0.000442
7387.25 0.000465
7390.00 -0.000330
7392.75 -0.000111
7395.50 0.000446
7398.25 0.000042
7401.00 0.000657
7403.75 0.000194
7406.50 0.000375
7409.25 -0.000151
7412.00 -0.001066
7414.75 -0.000483
7417.50 0.000286
7420.25 0.001855
7423.00 0.000306
7425.75 0.000450
7428.50 -0.000876
7431.25 0.000278
7434.00 -0.000200
7436.75 -0.000557
7439.50 -0.000854
7442.25 -0.000914
7445.00 -0.001077
7447.75 -0.000657
7450.50 -0.000642
7453.25 -0.000912
7456.00 -0.000970
7458.75 -0.001290
7461.50 -0.000653
7464.25 -0.000193
7467.00 0.000774
7469.75 0.000171
7472.50 0.000151
7475.25 -0.000618
7478.00 -0.000055
7480.75 -0.000352
7483.50 -0.000983
7486.25 -0.001583
7489.00 -0.001141
7491.75 -0.001773
7494.50 -0.000110
7497.25 0.000022
7500.00 -0.000772
7502.75 -0.001637
7505.50 -0.001988
7508.25 0.000227
7511.00 -0.000558
7513.75 -0.000541
7516.50 0.000232
7519.25 0.000048
7522.00 -0.001234
7524.75 -0.000119
7527.50 0.000510
7530.25 -0.000627
7533.00 0.000009
7535.75 0.000511
7538.50 0.000385
7541.25 -0.000430
7544.00 -0.001050
7546.75 -0.000248
7549.50 0.000517
7552.25 -0.000332
7555.00 -0.000411
7557.75 -0.002141
7560.50 -0.000414
7563.25 -0.000190
7566.00 -0.001134
7568.75 -0.000985
7571.50 -0.001001
7574.25 -0.000582
7577.00 -0.001407
7579.75 -0.001201
7582.50 -0.000895
7585.25 -0.002179
7588.00 -0.002137
7590.75 -0.001363
7593.50 -0.002039
7596.25 -0.000656
7599.00 0.000907
7601.75 0.000660
7604.50 -0.001304
7607.25 0.000487
7610.00 0.000433
7612.75 -0.000094
7615.50 -0.000450
7618.25 -0.001227
7621.00 -0.001031
7623.75 -0.000808
7626.50 -0.001705
7629.25 -0.000656
7632.00 -0.001029
7634.75 -0.000457
7637.50 -0.001280
7640.25 0.000685
7643.00 -0.001475
7645.75 -0.000907
7648.50 -0.000545
7651.25 -0.000002
7654.00 0.000470
7656.75 -0.000649
7659.50 -0.001146
7662.25 -0.001227
7665.00 -0.001089
7667.75 -0.001013
7670.50 -0.001317
7673.25 -0.001443
7676.00 -0.001428
7678.75 -0.001235
7681.50 -0.001921
7684.25 -0.001614
7687.00 -0.000255
7689.75 -0.000288
7692.50 -0.000848
7695.25 -0.000851
7698.00 0.000173
7700.75 -0.000295
7703.50 -0.000044
7706.25 0.000028
7709.00 0.000023
7711.75 0.000376
7714.50 0.000133
7717.25 -0.000189
7720.00 -0.000439
7722.75 0.001322
7725.50 0.001306
7728.25 0.001088
7731.00 0.000852
7733.75 0.001532
7736.50 0.000919
7739.25 -0.000270
7742.00 -0.000096
7744.75 -0.000132
7747.50 -0.000323
7750.25 -0.001394
7753.00 -0.000882
7755.75 -0.000939
7758.50 -0.000174
7761.25 -0.000197
7764.00 0.000602
7766.75 0.001385
7769.50 0.000759
7772.25 0.000484
7775.00 0.001364
7777.75 0.000881
7780.50 0.001217
7783.25 0.001672
7786.00 0.000426
7788.75 0.001359
7791.50 0.001646
7794.25 0.001531
7797.00 0.001278
7799.75 0.000673
7802.50 0.000248
7805.25 0.000834
7808.00 0.002528
7810.75 0.002248
7813.50 0.002050
7816.25 0.001980
7819.00 0.002719
7821.75 0.001744
7824.50 0.002022
7827.25 0.002601
7830.00 0.002431
7832.75 0.002565
7835.50 0.002587
7838.25 0.002360
7841.00 0.001845
7843.75 0.002450
7846.50 0.002112
7849.25 0.002938
7852.00 0.002007
7854.75 0.002921
7857.50 0.003750
7860.25 0.003484
7863.00 0.003670
7865.75 0.002886
7868.50 0.003452
7871.25 0.003244
7874.00 0.003704
7876.75 0.002078
7879.50 0.001808
7882.25 0.001967
7885.00 0.002804
7887.75 0.002651
7890.50 0.001717
7893.25 0.002431
7896.00 0.002374
7898.75 0.002163
7901.50 0.002470
7904.25 0.002415
7907.00 0.001403
7909.75 0.001667
7912.50 0.001589
7915.25 0.001247
7918.00 0.001197
7920.75 0.000923
7923.50 0.000953
7926.25 0.000908
7929.00 0.000236
7931.75 0.000149
7934.50 0.000081
7937.25 0.000331
7940.00 0.000713
7942.75 0.002215
7945.50 0.001123
7948.25 0.001017
7951.00 0.000846
7953.75 0.001283
7956.50 0.000987
7959.25 0.001363
7962.00 0.001366
7964.75 0.001524
7967.50 0.001858
7970.25 0.001576
7973.00 0.000240
7975.75 0.000426
7978.50 0.000619
7981.25 0.000523
7984.00 0.000802
7986.75 0.001713
7989.50 0.000848
7992.25 -0.000105
7995.00 -0.000139
7997.75 0.000156
