900.00 0.060102
902.75 0.053838
905.50 0.056428
908.25 0.059869
911.00 0.047766
913.75 0.056034
916.50 0.054852
919.25 0.070314
922.00 0.056530
924.75 0.065600
927.50 0.055539
930.25 0.058927
933.00 0.052511
935.75 0.040833
938.50 0.032174
941.25 0.063042
944.00 0.027233
946.75 0.041754
949.50 0.042369
952.25 0.042803
955.00 0.045497
957.75 0.062788
960.50 0.072156
963.25 0.065164
966.00 0.041194
968.75 0.031859
971.50 0.028873
974.25 0.027251
977.00 0.044745
979.75 0.014009
982.50 0.001512
985.25 0.028071
988.00 0.009249
990.75 0.026166
993.50 0.028081
996.25 0.036331
999.00 0.043293
1001.75 0.033989
1004.50 0.043204
1007.25 0.051800
1010.00 0.040363
1012.75 0.036783
1015.50 0.022629
1018.25 0.030854
1021.00 0.051454
1023.75 0.027041
1026.50 -0.033027
1029.25 -0.065778
1032.00 -0.096769
1034.75 -0.110870
1037.50 -0.130247
1040.25 -0.060472
1043.00 -0.023791
1045.75 0.002369
1048.50 0.010571
1051.25 0.003348
1054.00 0.005377
1056.75 -0.006933
1059.50 -0.012744
1062.25 -0.016507
1065.00 0.008980
1067.75 -0.019745
1070.50 -0.012615
1073.25 -0.022623
1076.00 -0.025147
1078.75 -0.009580
1081.50 -0.009544
1084.25 -0.021385
1087.00 -0.009239
1089.75 -0.009300
1092.50 -0.005089
1095.25 -0.010063
1098.00 -0.008387
1100.75 -0.009448
1103.50 -0.005565
1106.25 -0.002521
1109.00 -0.015096
1111.75 -0.016051
1114.50 -0.006798
1117.25 -0.027513
1120.00 -0.035542
1122.75 -0.025325
1125.50 -0.026743
1128.25 -0.030401
1131.00 -0.014074
1133.75 -0.018840
1136.50 -0.028068
1139.25 -0.000200
1142.00 -0.006790
1144.75 -0.012987
1147.50 -0.008261
1150.25 -0.002569
1153.00 -0.004641
1155.75 -0.014206
1158.50 -0.024432
1161.25 -0.012337
1164.00 -0.030848
1166.75 -0.040269
1169.50 -0.039144
1172.25 -0.025459
1175.00 -0.033667
1177.75 -0.033573
1180.50 -0.017788
1183.25 -0.030777
1186.00 -0.064653
1188.75 -0.064803
1191.50 -0.049473
1194.25 -0.056087
1197.00 -0.087970
1199.75 -0.110104
1202.50 -0.107371
1205.25 -0.156115
1208.00 -0.127193
1210.75 -0.075225
1213.50 0.196227
1216.25 0.086645
1219.00 -0.118942
1221.75 -0.123596
1224.50 -0.104084
1227.25 -0.094962
1230.00 -0.105333
1232.75 -0.137649
1235.50 -0.146218
1238.25 -0.147314
1241.00 -0.133279
1243.75 -0.122374
1246.50 -0.099365
1249.25 -0.071641
1252.00 -0.050758
1254.75 -0.039852
1257.50 -0.025892
1260.25 -0.024973
1263.00 -0.023865
1265.75 -0.019499
1268.50 -0.011528
1271.25 -0.001281
1274.00 0.010460
1276.75 0.011573
1279.50 0.016333
1282.25 0.019672
1285.00 0.023033
1287.75 0.023758
1290.50 0.020436
1293.25 0.022247
1296.00 0.019572
1298.75 0.021225
1301.50 0.019065
1304.25 0.019686
1307.00 0.014277
1309.75 0.017462
1312.50 0.022279
1315.25 0.020837
1318.00 0.023834
1320.75 0.027780
1323.50 0.027348
1326.25 0.029503
1329.00 0.031373
1331.75 0.029694
1334.50 0.032199
1337.25 0.030395
1340.00 0.032899
1342.75 0.034892
1345.50 0.034695
1348.25 0.038601
1351.00 0.042542
1353.75 0.041692
1356.50 0.044326
1359.25 0.044488
1362.00 0.045222
1364.75 0.047753
1367.50 0.049519
1370.25 0.048410
1373.00 0.047560
1375.75 0.049509
1378.50 0.050450
1381.25 0.045631
1384.00 0.043153
1386.75 0.040829
1389.50 0.035367
1392.25 0.031304
1395.00 0.026277
1397.75 0.020461
1400.50 0.019641
1403.25 0.019789
1406.00 0.019430
1408.75 0.023507
1411.50 0.028784
1414.25 0.030614
1417.00 0.034182
1419.75 0.035299
1422.50 0.037734
1425.25 0.039626
1428.00 0.038893
1430.75 0.040925
1433.50 0.038253
1436.25 0.041817
1439.00 0.041974
1441.75 0.044660
1444.50 0.045305
1447.25 0.046305
1450.00 0.047163
1452.75 0.048710
1455.50 0.050838
1458.25 0.049926
1461.00 0.050182
1463.75 0.050391
1466.50 0.052389
1469.25 0.054486
1472.00 0.053361
1474.75 0.055598
1477.50 0.055160
1480.25 0.057102
1483.00 0.058457
1485.75 0.059191
1488.50 0.058570
1491.25 0.060745
1494.00 0.061712
1496.75 0.060445
1499.50 0.060178
1502.25 0.061389
1505.00 0.062988
1507.75 0.062981
1510.50 0.064968
1513.25 0.067932
1516.00 0.072496
1518.75 0.074839
1521.50 0.079178
1524.25 0.083181
1527.00 0.089326
1529.75 0.090714
1532.50 0.090387
1535.25 0.082567
1538.00 0.080126
1540.75 0.077537
1543.50 0.077174
1546.25 0.097309
1549.00 0.099724
1551.75 0.068477
1554.50 0.050202
1557.25 0.050540
1560.00 0.053207
1562.75 0.052324
1565.50 0.052618
1568.25 0.049843
1571.00 0.048679
1573.75 0.046092
1576.50 0.046355
1579.25 0.043418
1582.00 0.041615
1584.75 0.041921
1587.50 0.040139
1590.25 0.039990
1593.00 0.038695
1595.75 0.038409
1598.50 0.037804
1601.25 0.036783
1604.00 0.035432
1606.75 0.035588
1609.50 0.034300
1612.25 0.033300
1615.00 0.033869
1617.75 0.032968
1620.50 0.032894
1623.25 0.033153
1626.00 0.032619
1628.75 0.032208
1631.50 0.033448
1634.25 0.033487
1637.00 0.034040
1639.75 0.033770
1642.50 0.030780
1645.25 0.030893
1648.00 0.030801
1650.75 0.030919
1653.50 0.030414
1656.25 0.028895
1659.00 0.030185
1661.75 0.030364
1664.50 0.029431
1667.25 0.028308
1670.00 0.027433
1672.75 0.026709
1675.50 0.025974
1678.25 0.025825
1681.00 0.026292
1683.75 0.025615
1686.50 0.025477
1689.25 0.025240
1692.00 0.023990
1694.75 0.024933
1697.50 0.024807
1700.25 0.023392
1703.00 0.022781
1705.75 0.023137
1708.50 0.022611
1711.25 0.021932
1714.00 0.022023
1716.75 0.021618
1719.50 0.020591
1722.25 0.020496
1725.00 0.020643
1727.75 0.019955
1730.50 0.019286
1733.25 0.018584
1736.00 0.019111
1738.75 0.018163
1741.50 0.018221
1744.25 0.016918
1747.00 0.015592
1749.75 0.014741
1752.50 0.014879
1755.25 0.015504
1758.00 0.015114
1760.75 0.015481
1763.50 0.015338
1766.25 0.014797
1769.00 0.014888
1771.75 0.014537
1774.50 0.014323
1777.25 0.013867
1780.00 0.013497
1782.75 0.013508
1785.50 0.012335
1788.25 0.011175
1791.00 0.011817
1793.75 0.011302
1796.50 0.011111
1799.25 0.010930
1802.00 0.010745
1804.75 0.010148
1807.50 0.010218
1810.25 0.009410
1813.00 0.009954
1815.75 0.009479
1818.50 0.008932
1821.25 0.009074
1824.00 0.008006
1826.75 0.008793
1829.50 0.008315
1832.25 0.007811
1835.00 0.007710
1837.75 0.006904
1840.50 0.006665
1843.25 0.005246
1846.00 0.004602
1848.75 0.003501
1851.50 0.002265
1854.25 0.001426
1857.00 0.000746
1859.75 0.000305
1862.50 -0.000278
1865.25 0.000111
1868.00 -0.000272
1870.75 0.000018
1873.50 -0.000504
1876.25 -0.001317
1879.00 -0.001286
1881.75 -0.002548
1884.50 -0.003102
1887.25 -0.003997
1890.00 -0.005472
1892.75 -0.006495
1895.50 -0.006832
1898.25 -0.007308
1901.00 -0.007137
1903.75 -0.008177
1906.50 -0.010370
1909.25 -0.011560
1912.00 -0.010387
1914.75 -0.010256
1917.50 -0.008902
1920.25 -0.007300
1923.00 -0.006443
1925.75 -0.005302
1928.50 -0.004612
1931.25 -0.004316
1934.00 -0.003990
1936.75 -0.003364
1939.50 -0.002968
1942.25 -0.003138
1945.00 -0.002493
1947.75 -0.002739
1950.50 -0.002361
1953.25 -0.002964
1956.00 -0.002810
1958.75 -0.002491
1961.50 -0.003024
1964.25 -0.002925
1967.00 -0.002554
1969.75 -0.002150
1972.50 -0.002596
1975.25 -0.002852
1978.00 -0.002690
1980.75 -0.003387
1983.50 -0.003337
1986.25 -0.003625
1989.00 -0.004226
1991.75 -0.004140
1994.50 -0.004359
1997.25 -0.004625
2000.00 -0.005022
2002.75 -0.005047
2005.50 -0.005213
2008.25 -0.005393
2011.00 -0.005062
2013.75 -0.005455
2016.50 -0.005592
2019.25 -0.005930
2022.00 -0.006314
2024.75 -0.006384
2027.50 -0.006654
2030.25 -0.006886
2033.00 -0.007338
2035.75 -0.007335
2038.50 -0.007300
2041.25 -0.007172
2044.00 -0.007917
2046.75 -0.008034
2049.50 -0.007826
2052.25 -0.007912
2055.00 -0.007950
2057.75 -0.008673
2060.50 -0.008695
2063.25 -0.008915
2066.00 -0.008987
2068.75 -0.009417
2071.50 -0.008952
2074.25 -0.009241
2077.00 -0.009157
2079.75 -0.010231
2082.50 -0.009222
2085.25 -0.009161
2088.00 -0.009457
2090.75 -0.009126
2093.50 -0.009263
2096.25 -0.009510
2099.00 -0.009830
2101.75 -0.010096
2104.50 -0.009852
2107.25 -0.009622
2110.00 -0.009586
2112.75 -0.009715
2115.50 -0.010330
2118.25 -0.009804
2121.00 -0.009359
2123.75 -0.009736
2126.50 -0.010600
2129.25 -0.010342
2132.00 -0.010803
2134.75 -0.011002
2137.50 -0.011392
2140.25 -0.011160
2143.00 -0.011570
2145.75 -0.011496
2148.50 -0.011381
2151.25 -0.011933
2154.00 -0.011403
2156.75 -0.011100
2159.50 -0.011111
2162.25 -0.011086
2165.00 -0.012072
2167.75 -0.011802
2170.50 -0.011777
2173.25 -0.011843
2176.00 -0.011863
2178.75 -0.011437
2181.50 -0.011519
2184.25 -0.012103
2187.00 -0.011595
2189.75 -0.011614
2192.50 -0.015559
2195.25 -0.011550
2198.00 -0.011553
2200.75 -0.011841
2203.50 -0.011720
2206.25 -0.011609
2209.00 -0.011553
2211.75 -0.011695
2214.50 -0.011950
2217.25 -0.011819
2220.00 -0.012079
2222.75 -0.012025
2225.50 -0.012295
2228.25 -0.011822
2231.00 -0.012197
2233.75 -0.012386
2236.50 -0.011763
2239.25 -0.011647
2242.00 -0.012205
2244.75 -0.011740
2247.50 -0.012126
2250.25 -0.012528
2253.00 -0.013027
2255.75 -0.013151
2258.50 -0.013102
2261.25 -0.013277
2264.00 -0.012869
2266.75 -0.012917
2269.50 -0.013430
2272.25 -0.012777
2275.00 -0.011274
2277.75 -0.013279
2280.50 -0.014025
2283.25 -0.013898
2286.00 -0.013161
2288.75 -0.013507
2291.50 -0.013310
2294.25 -0.014048
2297.00 -0.013948
2299.75 -0.013938
2302.50 -0.013987
2305.25 -0.014039
2308.00 -0.014221
2310.75 -0.013938
2313.50 -0.014766
2316.25 -0.014808
2319.00 -0.014666
2321.75 -0.014879
2324.50 -0.014901
2327.25 -0.015425
2330.00 -0.014896
2332.75 -0.014806
2335.50 -0.014969
2338.25 -0.014866
2341.00 -0.014958
2343.75 -0.014996
2346.50 -0.015571
2349.25 -0.015325
2352.00 -0.015274
2354.75 -0.015145
2357.50 -0.015263
2360.25 -0.014624
2363.00 -0.015138
2365.75 -0.015044
2368.50 -0.015026
2371.25 -0.014549
2374.00 -0.015066
2376.75 -0.014795
2379.50 -0.015114
2382.25 -0.015775
2385.00 -0.015641
2387.75 -0.016115
2390.50 -0.015384
2393.25 -0.016324
2396.00 -0.015708
2398.75 -0.015841
2401.50 -0.015514
2404.25 -0.015763
2407.00 -0.015842
2409.75 -0.015595
2412.50 -0.015649
2415.25 -0.015852
2418.00 -0.016971
2420.75 -0.017413
2423.50 -0.017416
2426.25 -0.017333
2429.00 -0.016466
2431.75 -0.016057
2434.50 -0.015899
2437.25 -0.016181
2440.00 -0.016616
2442.75 -0.016495
2445.50 -0.016487
2448.25 -0.016031
2451.00 -0.016445
2453.75 -0.016012
2456.50 -0.016057
2459.25 -0.016243
2462.00 -0.016633
2464.75 -0.016562
2467.50 -0.017235
2470.25 -0.017251
2473.00 -0.016988
2475.75 -0.016762
2478.50 -0.016740
2481.25 -0.017209
2484.00 -0.016795
2486.75 -0.016790
2489.50 -0.016883
2492.25 -0.017091
2495.00 -0.017042
2497.75 -0.017064
2500.50 -0.016617
2503.25 -0.016601
2506.00 -0.016468
2508.75 -0.016945
2511.50 -0.016491
2514.25 -0.016683
2517.00 -0.016408
2519.75 -0.016504
2522.50 -0.016512
2525.25 -0.016932
2528.00 -0.016821
2530.75 -0.017335
2533.50 -0.016407
2536.25 -0.016645
2539.00 -0.016953
2541.75 -0.017113
2544.50 -0.017055
2547.25 -0.016855
2550.00 -0.016802
2552.75 -0.017414
2555.50 -0.016792
2558.25 -0.016423
2561.00 -0.016729
2563.75 -0.016854
2566.50 -0.016047
2569.25 -0.016293
2572.00 -0.016441
2574.75 -0.016038
2577.50 -0.016320
2580.25 -0.016535
2583.00 -0.016419
2585.75 -0.016282
2588.50 -0.016721
2591.25 -0.016578
2594.00 -0.015865
2596.75 -0.016272
2599.50 -0.016318
2602.25 -0.016315
2605.00 -0.016345
2607.75 -0.016355
2610.50 -0.016525
2613.25 -0.016526
2616.00 -0.016141
2618.75 -0.016419
2621.50 -0.016230
2624.25 -0.016165
2627.00 -0.016277
2629.75 -0.015892
2632.50 -0.015723
2635.25 -0.015841
2638.00 -0.015666
2640.75 -0.015390
2643.50 -0.015932
2646.25 -0.015258
2649.00 -0.015112
2651.75 -0.015552
2654.50 -0.015875
2657.25 -0.015843
2660.00 -0.015524
2662.75 -0.015934
2665.50 -0.015862
2668.25 -0.015762
2671.00 -0.015794
2673.75 -0.015667
2676.50 -0.016196
2679.25 -0.015837
2682.00 -0.015534
2684.75 -0.015657
2687.50 -0.016192
2690.25 -0.015913
2693.00 -0.016566
2695.75 -0.016181
2698.50 -0.015798
2701.25 -0.016082
2704.00 -0.016010
2706.75 -0.016109
2709.50 -0.017021
2712.25 -0.016746
2715.00 -0.016603
2717.75 -0.017337
2720.50 -0.016752
2723.25 -0.016824
2726.00 -0.017136
2728.75 -0.017198
2731.50 -0.017117
2734.25 -0.017655
2737.00 -0.017542
2739.75 -0.017863
2742.50 -0.019058
2745.25 -0.018216
2748.00 -0.018014
2750.75 -0.018267
2753.50 -0.018548
2756.25 -0.019228
2759.00 -0.019324
2761.75 -0.018801
2764.50 -0.019214
2767.25 -0.019282
2770.00 -0.019538
2772.75 -0.019283
2775.50 -0.019994
2778.25 -0.020943
2781.00 -0.021162
2783.75 -0.021528
2786.50 -0.023110
2789.25 -0.023802
2792.00 -0.027001
2794.75 -0.027959
2797.50 -0.028618
2800.25 -0.030889
2803.00 -0.029530
2805.75 -0.027079
2808.50 -0.026138
2811.25 -0.023775
2814.00 -0.022201
2816.75 -0.020949
2819.50 -0.020892
2822.25 -0.020462
2825.00 -0.020319
2827.75 -0.020171
2830.50 -0.020120
2833.25 -0.020163
2836.00 -0.019781
2838.75 -0.020059
2841.50 -0.019545
2844.25 -0.018890
2847.00 -0.018940
2849.75 -0.018593
2852.50 -0.018810
2855.25 -0.018109
2858.00 -0.018727
2860.75 -0.017854
2863.50 -0.018412
2866.25 -0.017040
2869.00 -0.017711
2871.75 -0.017386
2874.50 -0.018030
2877.25 -0.018199
2880.00 -0.017397
2882.75 -0.017408
2885.50 -0.016607
2888.25 -0.016782
2891.00 -0.017284
2893.75 -0.018282
2896.50 -0.018373
2899.25 -0.017625
2902.00 -0.016689
2904.75 -0.015669
2907.50 -0.017677
2910.25 -0.017152
2913.00 -0.016289
2915.75 -0.017181
2918.50 -0.017135
2921.25 -0.017393
2924.00 -0.017480
2926.75 -0.017805
2929.50 -0.017568
2932.25 -0.018604
2935.00 -0.018084
2937.75 -0.018122
2940.50 -0.018704
2943.25 -0.018375
2946.00 -0.018528
2948.75 -0.017838
2951.50 -0.017649
2954.25 -0.017596
2957.00 -0.016962
2959.75 -0.017348
2962.50 -0.017843
2965.25 -0.017303
2968.00 -0.017403
2970.75 -0.017185
2973.50 -0.017611
2976.25 -0.017522
2979.00 -0.016789
2981.75 -0.017199
2984.50 -0.017705
2987.25 -0.017618
2990.00 -0.016314
2992.75 -0.017661
2995.50 -0.017988
2998.25 -0.015539
3001.00 -0.017059
3003.75 -0.017569
3006.50 -0.016464
3009.25 -0.016960
3012.00 -0.015946
3014.75 -0.016292
3017.50 -0.016849
3020.25 -0.015775
3023.00 -0.016727
3025.75 -0.015597
3028.50 -0.015463
3031.25 -0.016431
3034.00 -0.015940
3036.75 -0.015484
3039.50 -0.016025
3042.25 -0.015379
3045.00 -0.015531
3047.75 -0.016477
3050.50 -0.016412
3053.25 -0.015985
3056.00 -0.016299
3058.75 -0.015918
3061.50 -0.016529
3064.25 -0.016025
3067.00 -0.017431
3069.75 -0.016421
3072.50 -0.016102
3075.25 -0.015726
3078.00 -0.015987
3080.75 -0.016396
3083.50 -0.015260
3086.25 -0.015698
3089.00 -0.015874
3091.75 -0.015810
3094.50 -0.016431
3097.25 -0.016943
3100.00 -0.016760
3102.75 -0.016707
3105.50 -0.016754
3108.25 -0.016187
3111.00 -0.015865
3113.75 -0.015916
3116.50 -0.016230
3119.25 -0.016262
3122.00 -0.016566
3124.75 -0.016233
3127.50 -0.016597
3130.25 -0.016662
3133.00 -0.015642
3135.75 -0.015072
3138.50 -0.016178
3141.25 -0.015911
3144.00 -0.015662
3146.75 -0.016203
3149.50 -0.016008
3152.25 -0.015926
3155.00 -0.015945
3157.75 -0.016541
3160.50 -0.016133
3163.25 -0.016787
3166.00 -0.017051
3168.75 -0.016404
3171.50 -0.016026
3174.25 -0.016570
3177.00 -0.015845
3179.75 -0.016436
3182.50 -0.016882
3185.25 -0.015842
3188.00 -0.016021
3190.75 -0.015877
3193.50 -0.016294
3196.25 -0.016388
3199.00 -0.016734
3201.75 -0.016950
3204.50 -0.016626
3207.25 -0.016555
3210.00 -0.016563
3212.75 -0.016657
3215.50 -0.015817
3218.25 -0.017197
3221.00 -0.016064
3223.75 -0.015617
3226.50 -0.016357
3229.25 -0.016627
3232.00 -0.016733
3234.75 -0.016952
3237.50 -0.016790
3240.25 -0.016082
3243.00 -0.015612
3245.75 -0.014677
3248.50 -0.015456
3251.25 -0.014525
3254.00 -0.015816
3256.75 -0.014506
3259.50 -0.015223
3262.25 -0.014902
3265.00 -0.015395
3267.75 -0.014900
3270.50 -0.015924
3273.25 -0.015622
3276.00 -0.014486
3278.75 -0.014829
3281.50 -0.014193
3284.25 -0.013747
3287.00 -0.014771
3289.75 -0.013546
3292.50 -0.014746
3295.25 -0.014360
3298.00 -0.014904
3300.75 -0.014052
3303.50 -0.014019
3306.25 -0.014351
3309.00 -0.014100
3311.75 -0.013881
3314.50 -0.015773
3317.25 -0.014486
3320.00 -0.014804
3322.75 -0.014375
3325.50 -0.014060
3328.25 -0.014707
3331.00 -0.014467
3333.75 -0.014164
3336.50 -0.014491
3339.25 -0.014445
3342.00 -0.014073
3344.75 -0.013002
3347.50 -0.013951
3350.25 -0.013553
3353.00 -0.013683
3355.75 -0.012242
3358.50 -0.012312
3361.25 -0.013683
3364.00 -0.013635
3366.75 -0.013468
3369.50 -0.014176
3372.25 -0.013804
3375.00 -0.013682
3377.75 -0.012689
3380.50 -0.013524
3383.25 -0.013799
3386.00 -0.013455
3388.75 -0.013019
3391.50 -0.013547
3394.25 -0.013317
3397.00 -0.012831
3399.75 -0.014098
3402.50 -0.013656
3405.25 -0.014208
3408.00 -0.014798
3410.75 -0.014103
3413.50 -0.013623
3416.25 -0.013526
3419.00 -0.013383
3421.75 -0.012273
3424.50 -0.012557
3427.25 -0.013245
3430.00 -0.013456
3432.75 -0.012709
3435.50 -0.012594
3438.25 -0.013465
3441.00 -0.013636
3443.75 -0.014267
3446.50 -0.012956
3449.25 -0.013381
3452.00 -0.013956
3454.75 -0.013999
3457.50 -0.012535
3460.25 -0.013168
3463.00 -0.014196
3465.75 -0.012955
3468.50 -0.013938
3471.25 -0.013698
3474.00 -0.013935
3476.75 -0.014213
3479.50 -0.014029
3482.25 -0.014431
3485.00 -0.013754
3487.75 -0.013400
3490.50 -0.012732
3493.25 -0.012770
3496.00 -0.012476
3498.75 -0.012663
3501.50 -0.012457
3504.25 -0.012282
3507.00 -0.012674
3509.75 -0.013073
3512.50 -0.011758
3515.25 -0.012472
3518.00 -0.012690
3520.75 -0.012295
3523.50 -0.012174
3526.25 -0.012363
3529.00 -0.011614
3531.75 -0.011433
3534.50 -0.011573
3537.25 -0.011084
3540.00 -0.011827
3542.75 -0.011113
3545.50 -0.011654
3548.25 -0.011147
3551.00 -0.011461
3553.75 -0.011228
3556.50 -0.011441
3559.25 -0.011239
3562.00 -0.011183
3564.75 -0.010308
3567.50 -0.011052
3570.25 -0.010918
3573.00 -0.010291
3575.75 -0.010764
3578.50 -0.011587
3581.25 -0.011502
3584.00 -0.012000
3586.75 -0.011318
3589.50 -0.011756
3592.25 -0.011109
3595.00 -0.010436
3597.75 -0.009548
3600.50 -0.010854
3603.25 -0.011084
3606.00 -0.009489
3608.75 -0.009548
3611.50 -0.009955
3614.25 -0.009908
3617.00 -0.009773
3619.75 -0.009458
3622.50 -0.009727
3625.25 -0.009851
3628.00 -0.009914
3630.75 -0.009523
3633.50 -0.010254
3636.25 -0.009934
3639.00 -0.008728
3641.75 -0.009127
3644.50 -0.009626
3647.25 -0.009286
3650.00 -0.010247
3652.75 -0.008871
3655.50 -0.008865
3658.25 -0.008267
3661.00 -0.008304
3663.75 -0.009035
3666.50 -0.008068
3669.25 -0.008036
3672.00 -0.008618
3674.75 -0.008704
3677.50 -0.008308
3680.25 -0.008445
3683.00 -0.009101
3685.75 -0.008912
3688.50 -0.007761
3691.25 -0.008265
3694.00 -0.007778
3696.75 -0.007705
3699.50 -0.007432
3702.25 -0.007554
3705.00 -0.008091
3707.75 -0.007750
3710.50 -0.007881
3713.25 -0.007717
3716.00 -0.006988
3718.75 -0.007069
3721.50 -0.006543
3724.25 -0.003191
3727.00 0.003589
3729.75 0.004917
3732.50 -0.002330
3735.25 -0.007767
3738.00 -0.008034
3740.75 -0.007203
3743.50 -0.006221
3746.25 -0.006962
3749.00 -0.007201
3751.75 -0.006773
3754.50 -0.006545
3757.25 -0.005297
3760.00 -0.005590
3762.75 -0.006046
3765.50 -0.005546
3768.25 -0.006304
3771.00 -0.007014
3773.75 -0.006061
3776.50 -0.006121
3779.25 -0.005725
3782.00 -0.004540
3784.75 -0.004750
3787.50 -0.003949
3790.25 -0.004838
3793.00 -0.004963
3795.75 -0.006180
3798.50 -0.005862
3801.25 -0.005567
3804.00 -0.004762
3806.75 -0.005181
3809.50 -0.005355
3812.25 -0.004249
3815.00 -0.004734
3817.75 -0.004981
3820.50 -0.003934
3823.25 -0.005780
3826.00 -0.005540
3828.75 -0.004566
3831.50 -0.006318
3834.25 -0.005663
3837.00 -0.005773
3839.75 -0.006220
3842.50 -0.006153
3845.25 -0.004911
3848.00 -0.005863
3850.75 -0.005000
3853.50 -0.004718
3856.25 -0.004729
3859.00 -0.004339
3861.75 -0.003828
3864.50 -0.002788
3867.25 -0.003123
3870.00 -0.000867
3872.75 -0.002059
3875.50 -0.004459
3878.25 -0.004809
3881.00 -0.003991
3883.75 -0.004269
3886.50 -0.004333
3889.25 -0.003894
3892.00 -0.004661
3894.75 -0.003336
3897.50 -0.003256
3900.25 -0.003430
3903.00 -0.002458
3905.75 -0.002736
3908.50 -0.002495
3911.25 -0.000812
3914.00 -0.002266
3916.75 -0.002675
3919.50 -0.002574
3922.25 -0.002770
3925.00 -0.002184
3927.75 -0.002676
3930.50 -0.002643
3933.25 -0.004965
3936.00 -0.005353
3938.75 -0.002974
3941.50 -0.002845
3944.25 -0.002380
3947.00 -0.002399
3949.75 -0.002079
3952.50 -0.002916
3955.25 -0.002865
3958.00 -0.001741
3960.75 -0.002576
3963.50 -0.002226
3966.25 -0.001610
3969.00 -0.003246
3971.75 -0.003694
3974.50 -0.004045
3977.25 -0.003116
3980.00 -0.000983
3982.75 -0.001480
3985.50 -0.000280
3988.25 0.000270
3991.00 -0.000539
3993.75 0.000163
3996.50 0.000663
3999.25 -0.000117
4002.00 0.000316
4004.75 0.000388
4007.50 0.000959
4010.25 0.000834
4013.00 0.001225
4015.75 0.001409
4018.50 0.000735
4021.25 0.000873
4024.00 0.000368
4026.75 0.000658
4029.50 0.000728
4032.25 0.000307
4035.00 0.000450
4037.75 0.000376
4040.50 0.000302
4043.25 0.001049
4046.00 0.000103
4048.75 0.000617
4051.50 0.001702
4054.25 0.001193
4057.00 0.001302
4059.75 0.001944
4062.50 0.002054
4065.25 0.001924
4068.00 0.001825
4070.75 0.002088
4073.50 0.001762
4076.25 0.002192
4079.00 0.002621
4081.75 0.002588
4084.50 0.002308
4087.25 0.002544
4090.00 0.002502
4092.75 0.002988
4095.50 0.001700
4098.25 0.002403
4101.00 0.001807
4103.75 0.002566
4106.50 0.001707
4109.25 0.002117
4112.00 0.001898
4114.75 0.002458
4117.50 0.002699
4120.25 0.001944
4123.00 0.001441
4125.75 0.001656
4128.50 0.001071
4131.25 0.003173
4134.00 0.001254
4136.75 0.002740
4139.50 0.002892
4142.25 0.002961
4145.00 0.002895
4147.75 0.002976
4150.50 0.003563
4153.25 0.001939
4156.00 0.002005
4158.75 0.003050
4161.50 0.003309
4164.25 0.003817
4167.00 0.003713
4169.75 0.002409
4172.50 0.002860
4175.25 0.002909
4178.00 0.002625
4180.75 0.003036
4183.50 0.002493
4186.25 0.002800
4189.00 0.002424
4191.75 0.002300
4194.50 0.003090
4197.25 0.003488
4200.00 0.002596
4202.75 0.002658
4205.50 0.002782
4208.25 0.003804
4211.00 0.004266
4213.75 0.003165
4216.50 0.004034
4219.25 0.003790
4222.00 0.003316
4224.75 0.003469
4227.50 0.002624
4230.25 0.003173
4233.00 0.004229
4235.75 0.003621
4238.50 0.003081
4241.25 0.003619
4244.00 0.003595
4246.75 0.003388
4249.50 0.003580
4252.25 0.003964
4255.00 0.003051
4257.75 0.003451
4260.50 0.003927
4263.25 0.003935
4266.00 0.003907
4268.75 0.003774
4271.50 0.003720
4274.25 0.003413
4277.00 0.003214
4279.75 0.003735
4282.50 0.003702
4285.25 0.003263
4288.00 0.002871
4290.75 0.002960
4293.50 0.003415
4296.25 0.002661
4299.00 0.002346
4301.75 0.001765
4304.50 0.002327
4307.25 0.002190
4310.00 0.001503
4312.75 0.002751
4315.50 0.002941
4318.25 0.004262
4321.00 0.003996
4323.75 0.004733
4326.50 0.002807
4329.25 0.003681
4332.00 0.004900
4334.75 0.004889
4337.50 0.004738
4340.25 0.006512
4343.00 0.006438
4345.75 0.004128
4348.50 0.004134
4351.25 0.003965
4354.00 0.004392
4356.75 0.004626
4359.50 0.004717
4362.25 0.005784
4365.00 0.006293
4367.75 0.005034
4370.50 0.004658
4373.25 0.004449
4376.00 0.003774
4378.75 0.004311
4381.50 0.005121
4384.25 0.004423
4387.00 0.004008
4389.75 0.004546
4392.50 0.005705
4395.25 0.004723
4398.00 0.005607
4400.75 0.005029
4403.50 0.004991
4406.25 0.004233
4409.00 0.004620
4411.75 0.004861
4414.50 0.005272
4417.25 0.005113
4420.00 0.004974
4422.75 0.005854
4425.50 0.005445
4428.25 0.005596
4431.00 0.005875
4433.75 0.005879
4436.50 0.005557
4439.25 0.005134
4442.00 0.005825
4444.75 0.006100
4447.50 0.006622
4450.25 0.006484
4453.00 0.005437
4455.75 0.004815
4458.50 0.005080
4461.25 0.005285
4464.00 0.006035
4466.75 0.006209
4469.50 0.005796
4472.25 0.006299
4475.00 0.006747
4477.75 0.007155
4480.50 0.006128
4483.25 0.006578
4486.00 0.006290
4488.75 0.007120
4491.50 0.006967
4494.25 0.006478
4497.00 0.006561
4499.75 0.006123
4502.50 0.006662
4505.25 0.007279
4508.00 0.007869
4510.75 0.007296
4513.50 0.007103
4516.25 0.006905
4519.00 0.006890
4521.75 0.007411
4524.50 0.007472
4527.25 0.006336
4530.00 0.006071
4532.75 0.005505
4535.50 0.006512
4538.25 0.006787
4541.00 0.006580
4543.75 0.006765
4546.50 0.006412
4549.25 0.006939
4552.00 0.006742
4554.75 0.006457
4557.50 0.007023
4560.25 0.007247
4563.00 0.006949
4565.75 0.006743
4568.50 0.006892
4571.25 0.007140
4574.00 0.007042
4576.75 0.006940
4579.50 0.007140
4582.25 0.006898
4585.00 0.006848
4587.75 0.006818
4590.50 0.006855
4593.25 0.006765
4596.00 0.006811
4598.75 0.006631
4601.50 0.006482
4604.25 0.006881
4607.00 0.007538
4609.75 0.006804
4612.50 0.007484
4615.25 0.007175
4618.00 0.008056
4620.75 0.007556
4623.50 0.007532
4626.25 0.007981
4629.00 0.008080
4631.75 0.007630
4634.50 0.007641
4637.25 0.007541
4640.00 0.007544
4642.75 0.007775
4645.50 0.007066
4648.25 0.007164
4651.00 0.007776
4653.75 0.007825
4656.50 0.007595
4659.25 0.007645
4662.00 0.007642
4664.75 0.007802
4667.50 0.007211
4670.25 0.007001
4673.00 0.007518
4675.75 0.007900
4678.50 0.008184
4681.25 0.008006
4684.00 0.007731
4686.75 0.008520
4689.50 0.008324
4692.25 0.008075
4695.00 0.007915
4697.75 0.007479
4700.50 0.007745
4703.25 0.007722
4706.00 0.008311
4708.75 0.007768
4711.50 0.007684
4714.25 0.007957
4717.00 0.008056
4719.75 0.007709
4722.50 0.007767
4725.25 0.007727
4728.00 0.007752
4730.75 0.007426
4733.50 0.007608
4736.25 0.007360
4739.00 0.007900
4741.75 0.007413
4744.50 0.007357
4747.25 0.007796
4750.00 0.007982
4752.75 0.007573
4755.50 0.007464
4758.25 0.007552
4761.00 0.007314
4763.75 0.007707
4766.50 0.007238
4769.25 0.007175
4772.00 0.007238
4774.75 0.007613
4777.50 0.007506
4780.25 0.008425
4783.00 0.007729
4785.75 0.007395
4788.50 0.007006
4791.25 0.007192
4794.00 0.007592
4796.75 0.007502
4799.50 0.007376
4802.25 0.007293
4805.00 0.007074
4807.75 0.006748
4810.50 0.007204
4813.25 0.006910
4816.00 0.006872
4818.75 0.007384
4821.50 0.007393
4824.25 0.007398
4827.00 0.007148
4829.75 0.007375
4832.50 0.007601
4835.25 0.007459
4838.00 0.008072
4840.75 0.007480
4843.50 0.008089
4846.25 0.008725
4849.00 0.009035
4851.75 0.008945
4854.50 0.009956
4857.25 0.010273
4860.00 0.012952
4862.75 0.016437
4865.50 0.013337
4868.25 0.009511
4871.00 0.008078
4873.75 0.008038
4876.50 0.007793
4879.25 0.007315
4882.00 0.008116
4884.75 0.007166
4887.50 0.007229
4890.25 0.007410
4893.00 0.006906
4895.75 0.006943
4898.50 0.007011
4901.25 0.007939
4904.00 0.007135
4906.75 0.007067
4909.50 0.006847
4912.25 0.007096
4915.00 0.007316
4917.75 0.007677
4920.50 0.007231
4923.25 0.006295
4926.00 0.006791
4928.75 0.007346
4931.50 0.007344
4934.25 0.007280
4937.00 0.007137
4939.75 0.006832
4942.50 0.006934
4945.25 0.007140
4948.00 0.007341
4950.75 0.008439
4953.50 0.010565
4956.25 0.012566
4959.00 0.015856
4961.75 0.013940
4964.50 0.009505
4967.25 0.008400
4970.00 0.008047
4972.75 0.007627
4975.50 0.008004
4978.25 0.007773
4981.00 0.007496
4983.75 0.006583
4986.50 0.006921
4989.25 0.007262
4992.00 0.007395
4994.75 0.007794
4997.50 0.009522
5000.25 0.012477
5003.00 0.018456
5005.75 0.029333
5008.50 0.032071
5011.25 0.017332
5014.00 0.008537
5016.75 0.007981
5019.50 0.007698
5022.25 0.007568
5025.00 0.007774
5027.75 0.007711
5030.50 0.007774
5033.25 0.007317
5036.00 0.007571
5038.75 0.006714
5041.50 0.006622
5044.25 0.006868
5047.00 0.006850
5049.75 0.007143
5052.50 0.007025
5055.25 0.007096
5058.00 0.007119
5060.75 0.007543
5063.50 0.007499
5066.25 0.006893
5069.00 0.007272
5071.75 0.006893
5074.50 0.007303
5077.25 0.007182
5080.00 0.006831
5082.75 0.006417
5085.50 0.006618
5088.25 0.007040
5091.00 0.006414
5093.75 0.007177
5096.50 0.007392
5099.25 0.006779
5102.00 0.006491
5104.75 0.007427
5107.50 0.006990
5110.25 0.006988
5113.00 0.007047
5115.75 0.007158
5118.50 0.006950
5121.25 0.006962
5124.00 0.006606
5126.75 0.006476
5129.50 0.006645
5132.25 0.006013
5135.00 0.006258
5137.75 0.006224
5140.50 0.006623
5143.25 0.006242
5146.00 0.006176
5148.75 0.006073
5151.50 0.006027
5154.25 0.006075
5157.00 0.006389
5159.75 0.006738
5162.50 0.006683
5165.25 0.006333
5168.00 0.005410
5170.75 0.005825
5173.50 0.005531
5176.25 0.005687
5179.00 0.005643
5181.75 0.005215
5184.50 0.004834
5187.25 0.005450
5190.00 0.006205
5192.75 0.006550
5195.50 0.006323
5198.25 0.006294
5201.00 0.006768
5203.75 0.007007
5206.50 0.006528
5209.25 0.005725
5212.00 0.005867
5214.75 0.006465
5217.50 0.006744
5220.25 0.006781
5223.00 0.005983
5225.75 0.006389
5228.50 0.006261
5231.25 0.006436
5234.00 0.006603
5236.75 0.006777
5239.50 0.006959
5242.25 0.007107
5245.00 0.007023
5247.75 0.006996
5250.50 0.006457
5253.25 0.006279
5256.00 0.006782
5258.75 0.006556
5261.50 0.005934
5264.25 0.006514
5267.00 0.006185
5269.75 0.005951
5272.50 0.006185
5275.25 0.006210
5278.00 0.006028
5280.75 0.007241
5283.50 0.007023
5286.25 0.007346
5289.00 0.007184
5291.75 0.007384
5294.50 0.007217
5297.25 0.006994
5300.00 0.006915
5302.75 0.006900
5305.50 0.007105
5308.25 0.006753
5311.00 0.007303
5313.75 0.007558
5316.50 0.006587
5319.25 0.007505
5322.00 0.007468
5324.75 0.006984
5327.50 0.006894
5330.25 0.006819
5333.00 0.006971
5335.75 0.006918
5338.50 0.006875
5341.25 0.006593
5344.00 0.006974
5346.75 0.007185
5349.50 0.007277
5352.25 0.007447
5355.00 0.007230
5357.75 0.006927
5360.50 0.007689
5363.25 0.007230
5366.00 0.007407
5368.75 0.007135
5371.50 0.006864
5374.25 0.007083
5377.00 0.007076
5379.75 0.007888
5382.50 0.007462
5385.25 0.007349
5388.00 0.007304
5390.75 0.006680
5393.50 0.006873
5396.25 0.006922
5399.00 0.006447
5401.75 0.006678
5404.50 0.006884
5407.25 0.007169
5410.00 0.006897
5412.75 0.007110
5415.50 0.006520
5418.25 0.006715
5421.00 0.006980
5423.75 0.007009
5426.50 0.007007
5429.25 0.007337
5432.00 0.006397
5434.75 0.006644
5437.50 0.006785
5440.25 0.007125
5443.00 0.007078
5445.75 0.007159
5448.50 0.007030
5451.25 0.007160
5454.00 0.006831
5456.75 0.007328
5459.50 0.006920
5462.25 0.007338
5465.00 0.006986
5467.75 0.006575
5470.50 0.005922
5473.25 0.006525
5476.00 0.006488
5478.75 0.006394
5481.50 0.006823
5484.25 0.006955
5487.00 0.006601
5489.75 0.006506
5492.50 0.006852
5495.25 0.006621
5498.00 0.006401
5500.75 0.006308
5503.50 0.006324
5506.25 0.006279
5509.00 0.006502
5511.75 0.006085
5514.50 0.006322
5517.25 0.006111
5520.00 0.006402
5522.75 0.006783
5525.50 0.007093
5528.25 0.006879
5531.00 0.006106
5533.75 0.006469
5536.50 0.006811
5539.25 0.006858
5542.00 0.006741
5544.75 0.006992
5547.50 0.006954
5550.25 0.006238
5553.00 0.006901
5555.75 0.006586
5558.50 0.006350
5561.25 0.006245
5564.00 0.006302
5566.75 0.006308
5569.50 0.005938
5572.25 0.006017
5575.00 0.006063
5577.75 0.005972
5580.50 0.006021
5583.25 0.005720
5586.00 0.006334
5588.75 0.006300
5591.50 0.005957
5594.25 0.005705
5597.00 0.005700
5599.75 0.006406
5602.50 0.006016
5605.25 0.005842
5608.00 0.006054
5610.75 0.005782
5613.50 0.006125
5616.25 0.005738
5619.00 0.005831
5621.75 0.006261
5624.50 0.006285
5627.25 0.006252
5630.00 0.005791
5632.75 0.005906
5635.50 0.005693
5638.25 0.005400
5641.00 0.006177
5643.75 0.006089
5646.50 0.006268
5649.25 0.006686
5652.00 0.006170
5654.75 0.005943
5657.50 0.005955
5660.25 0.005714
5663.00 0.005525
5665.75 0.006102
5668.50 0.005960
5671.25 0.006149
5674.00 0.006224
5676.75 0.006240
5679.50 0.005996
5682.25 0.005939
5685.00 0.006109
5687.75 0.005998
5690.50 0.005818
5693.25 0.005910
5696.00 0.006072
5698.75 0.006203
5701.50 0.006061
5704.25 0.006045
5707.00 0.006261
5709.75 0.005511
5712.50 0.005537
5715.25 0.005492
5718.00 0.005676
5720.75 0.006061
5723.50 0.006091
5726.25 0.005582
5729.00 0.005895
5731.75 0.006330
5734.50 0.006251
5737.25 0.006083
5740.00 0.006520
5742.75 0.006515
5745.50 0.006315
5748.25 0.006536
5751.00 0.006001
5753.75 0.005603
5756.50 0.005882
5759.25 0.005468
5762.00 0.005514
5764.75 0.005931
5767.50 0.005874
5770.25 0.005718
5773.00 0.005715
5775.75 0.005580
5778.50 0.005579
5781.25 0.005589
5784.00 0.005087
5786.75 0.005520
5789.50 0.005558
5792.25 0.005467
5795.00 0.005168
5797.75 0.005817
5800.50 0.006432
5803.25 0.006162
5806.00 0.005788
5808.75 0.006025
5811.50 0.005849
5814.25 0.005419
5817.00 0.005551
5819.75 0.005203
5822.50 0.005377
5825.25 0.005507
5828.00 0.005529
5830.75 0.004806
5833.50 0.005070
5836.25 0.005248
5839.00 0.005059
5841.75 0.005533
5844.50 0.005544
5847.25 0.005079
5850.00 0.005553
5852.75 0.005550
5855.50 0.005193
5858.25 0.005332
5861.00 0.004975
5863.75 0.005368
5866.50 0.005642
5869.25 0.005708
5872.00 0.005895
5874.75 0.005981
5877.50 0.005718
5880.25 0.005700
5883.00 0.005889
5885.75 0.005131
5888.50 0.004951
5891.25 0.004816
5894.00 0.004370
5896.75 0.004437
5899.50 0.004412
5902.25 0.004489
5905.00 0.004547
5907.75 0.004662
5910.50 0.004917
5913.25 0.005174
5916.00 0.004732
5918.75 0.005100
5921.50 0.005357
5924.25 0.005433
5927.00 0.004984
5929.75 0.005222
5932.50 0.004885
5935.25 0.005285
5938.00 0.004640
5940.75 0.004477
5943.50 0.004714
5946.25 0.005062
5949.00 0.004950
5951.75 0.005108
5954.50 0.004959
5957.25 0.005016
5960.00 0.004573
5962.75 0.004495
5965.50 0.004995
5968.25 0.004672
5971.00 0.004626
5973.75 0.005133
5976.50 0.004490
5979.25 0.004721
5982.00 0.004671
5984.75 0.004424
5987.50 0.004735
5990.25 0.004520
5993.00 0.004464
5995.75 0.004551
5998.50 0.004289
6001.25 0.004425
6004.00 0.004101
6006.75 0.004655
6009.50 0.004515
6012.25 0.004391
6015.00 0.003967
6017.75 0.004561
6020.50 0.004404
6023.25 0.004179
6026.00 0.004229
6028.75 0.003744
6031.50 0.004567
6034.25 0.004703
6037.00 0.005028
6039.75 0.004615
6042.50 0.004374
6045.25 0.004241
6048.00 0.004389
6050.75 0.004336
6053.50 0.004705
6056.25 0.003818
6059.00 0.004236
6061.75 0.004393
6064.50 0.004730
6067.25 0.004397
6070.00 0.003757
6072.75 0.004097
6075.50 0.004678
6078.25 0.004764
6081.00 0.004457
6083.75 0.003823
6086.50 0.004196
6089.25 0.004062
6092.00 0.004004
6094.75 0.004087
6097.50 0.004002
6100.25 0.003737
6103.00 0.003862
6105.75 0.003696
6108.50 0.003590
6111.25 0.003701
6114.00 0.003689
6116.75 0.003951
6119.50 0.003688
6122.25 0.003446
6125.00 0.003703
6127.75 0.003192
6130.50 0.003602
6133.25 0.003204
6136.00 0.003566
6138.75 0.003629
6141.50 0.003718
6144.25 0.003619
6147.00 0.003607
6149.75 0.003956
6152.50 0.003519
6155.25 0.003294
6158.00 0.003188
6160.75 0.003143
6163.50 0.002518
6166.25 0.003028
6169.00 0.003016
6171.75 0.002745
6174.50 0.003086
6177.25 0.002889
6180.00 0.003096
6182.75 0.003058
6185.50 0.003190
6188.25 0.002940
6191.00 0.002854
6193.75 0.002518
6196.50 0.002495
6199.25 0.002955
6202.00 0.003380
6204.75 0.002821
6207.50 0.002939
6210.25 0.002846
6213.00 0.002831
6215.75 0.002274
6218.50 0.002397
6221.25 0.002710
6224.00 0.002994
6226.75 0.003094
6229.50 0.002715
6232.25 0.002691
6235.00 0.002923
6237.75 0.002904
6240.50 0.002465
6243.25 0.002469
6246.00 0.002649
6248.75 0.002427
6251.50 0.002461
6254.25 0.002286
6257.00 0.002464
6259.75 0.002569
6262.50 0.002529
6265.25 0.002137
6268.00 0.002441
6270.75 0.002222
6273.50 0.002137
6276.25 0.002269
6279.00 0.002255
6281.75 0.002133
6284.50 0.002256
6287.25 0.002500
6290.00 0.002310
6292.75 0.002598
6295.50 0.002719
6298.25 0.002472
6301.00 0.002627
6303.75 0.002822
6306.50 0.002828
6309.25 0.002553
6312.00 0.002472
6314.75 0.002347
6317.50 0.002447
6320.25 0.002025
6323.00 0.001984
6325.75 0.001708
6328.50 0.002242
6331.25 0.002352
6334.00 0.001947
6336.75 0.001830
6339.50 0.002270
6342.25 0.002018
6345.00 0.001820
6347.75 0.001988
6350.50 0.001425
6353.25 0.001944
6356.00 0.001705
6358.75 0.002046
6361.50 0.002207
6364.25 0.001967
6367.00 0.001818
6369.75 0.001783
6372.50 0.002089
6375.25 0.002029
6378.00 0.001791
6380.75 0.001772
6383.50 0.001292
6386.25 0.001312
6389.00 0.001380
6391.75 0.001651
6394.50 0.001539
6397.25 0.001212
6400.00 0.001663
6402.75 0.001588
6405.50 0.001331
6408.25 0.000872
6411.00 0.001147
6413.75 0.000985
6416.50 0.001029
6419.25 0.001029
6422.00 0.000472
6424.75 0.000926
6427.50 0.000946
6430.25 0.001275
6433.00 0.000396
6435.75 0.000606
6438.50 0.000793
6441.25 0.000692
6444.00 0.000362
6446.75 0.000109
6449.50 0.000126
6452.25 0.000000
6455.00 -0.000009
6457.75 -0.000089
6460.50 -0.000416
6463.25 -0.000441
6466.00 -0.000765
6468.75 -0.000679
6471.50 0.000020
6474.25 0.000254
6477.00 -0.000057
6479.75 -0.000774
6482.50 -0.001627
6485.25 -0.001512
6488.00 -0.001917
6490.75 -0.002382
6493.50 -0.002604
6496.25 -0.002200
6499.00 -0.002593
6501.75 -0.002760
6504.50 -0.003169
6507.25 -0.003145
6510.00 -0.003753
6512.75 -0.003745
6515.50 -0.003827
6518.25 -0.003581
6521.00 -0.004167
6523.75 -0.004539
6526.50 -0.004331
6529.25 -0.004399
6532.00 -0.004786
6534.75 -0.004637
6537.50 -0.004783
6540.25 -0.005059
6543.00 -0.004635
6545.75 -0.003999
6548.50 -0.003834
6551.25 -0.002839
6554.00 -0.003748
6556.75 -0.004213
6559.50 -0.003239
6562.25 0.000912
6565.00 0.004563
6567.75 0.001282
6570.50 -0.002757
6573.25 -0.004600
6576.00 -0.005252
6578.75 -0.005341
6581.50 -0.003623
6584.25 -0.000956
6587.00 -0.000208
6589.75 -0.002935
6592.50 -0.004143
6595.25 -0.004516
6598.00 -0.005486
6600.75 -0.005489
6603.50 -0.005315
6606.25 -0.005171
6609.00 -0.005117
6611.75 -0.004934
6614.50 -0.004871
6617.25 -0.004694
6620.00 -0.004753
6622.75 -0.005075
6625.50 -0.004724
6628.25 -0.004737
6631.00 -0.004514
6633.75 -0.004447
6636.50 -0.004389
6639.25 -0.004053
6642.00 -0.003801
6644.75 -0.003560
6647.50 -0.003651
6650.25 -0.003929
6653.00 -0.003382
6655.75 -0.003640
6658.50 -0.003328
6661.25 -0.003126
6664.00 -0.003169
6666.75 -0.003145
6669.50 -0.003000
6672.25 -0.003227
6675.00 -0.002755
6677.75 -0.002660
6680.50 -0.002565
6683.25 -0.002578
6686.00 -0.002835
6688.75 -0.002682
6691.50 -0.003071
6694.25 -0.003413
6697.00 -0.002936
6699.75 -0.003004
6702.50 -0.002591
6705.25 -0.002798
6708.00 -0.002996
6710.75 -0.002509
6713.50 -0.002525
6716.25 -0.001935
6719.00 -0.001661
6721.75 -0.001615
6724.50 -0.002019
6727.25 -0.001820
6730.00 -0.001786
6732.75 -0.001744
6735.50 -0.002005
6738.25 -0.001966
6741.00 -0.002195
6743.75 -0.002511
6746.50 -0.002239
6749.25 -0.002531
6752.00 -0.003116
6754.75 -0.002808
6757.50 -0.002602
6760.25 -0.002824
6763.00 -0.002624
6765.75 -0.002387
6768.50 -0.002442
6771.25 -0.002510
6774.00 -0.002393
6776.75 -0.002773
6779.50 -0.002961
6782.25 -0.002761
6785.00 -0.002612
6787.75 -0.002724
6790.50 -0.002563
6793.25 -0.002551
6796.00 -0.002675
6798.75 -0.002700
6801.50 -0.002583
6804.25 -0.002727
6807.00 -0.002893
6809.75 -0.002888
6812.50 -0.002888
6815.25 -0.002793
6818.00 -0.003167
6820.75 -0.002906
6823.50 -0.002835
6826.25 -0.002904
6829.00 -0.003062
6831.75 -0.002879
6834.50 -0.002775
6837.25 -0.002738
6840.00 -0.003046
6842.75 -0.003031
6845.50 -0.002835
6848.25 -0.003240
6851.00 -0.003150
6853.75 -0.003036
6856.50 -0.003068
6859.25 -0.003310
6862.00 -0.003334
6864.75 -0.002910
6867.50 -0.002993
6870.25 -0.003695
6873.00 -0.003401
6875.75 -0.003434
6878.50 -0.003475
6881.25 -0.003544
6884.00 -0.003447
6886.75 -0.003606
6889.50 -0.003306
6892.25 -0.003539
6895.00 -0.003694
6897.75 -0.003594
6900.50 -0.003638
6903.25 -0.003472
6906.00 -0.003805
6908.75 -0.003400
6911.50 -0.003731
6914.25 -0.003782
6917.00 -0.003798
6919.75 -0.003286
6922.50 -0.003465
6925.25 -0.003659
6928.00 -0.003607
6930.75 -0.003644
6933.50 -0.003557
6936.25 -0.003630
6939.00 -0.004032
6941.75 -0.003717
6944.50 -0.004040
6947.25 -0.003947
6950.00 -0.003810
6952.75 -0.003773
6955.50 -0.003966
6958.25 -0.003684
6961.00 -0.003790
6963.75 -0.003772
6966.50 -0.003963
6969.25 -0.003707
6972.00 -0.003749
6974.75 -0.003868
6977.50 -0.003865
6980.25 -0.003711
6983.00 -0.003937
6985.75 -0.004357
6988.50 -0.004355
6991.25 -0.004273
6994.00 -0.004277
6996.75 -0.004324
6999.50 -0.004195
7002.25 -0.004262
7005.00 -0.004356
7007.75 -0.004126
7010.50 -0.004022
7013.25 -0.004243
7016.00 -0.004214
7018.75 -0.004273
7021.50 -0.004054
7024.25 -0.004439
7027.00 -0.004593
7029.75 -0.004532
7032.50 -0.004440
7035.25 -0.004623
7038.00 -0.004881
7040.75 -0.004682
7043.50 -0.005069
7046.25 -0.005201
7049.00 -0.005179
7051.75 -0.005034
7054.50 -0.005114
7057.25 -0.005078
7060.00 -0.005496
7062.75 -0.005067
7065.50 -0.005221
7068.25 -0.005141
7071.00 -0.005087
7073.75 -0.005122
7076.50 -0.005062
7079.25 -0.005128
7082.00 -0.004980
7084.75 -0.004871
7087.50 -0.004849
7090.25 -0.004719
7093.00 -0.004923
7095.75 -0.005032
7098.50 -0.005059
7101.25 -0.004751
7104.00 -0.004882
7106.75 -0.004884
7109.50 -0.004964
7112.25 -0.004980
7115.00 -0.004822
7117.75 -0.005033
7120.50 -0.004776
7123.25 -0.004748
7126.00 -0.004759
7128.75 -0.004848
7131.50 -0.004825
7134.25 -0.004900
7137.00 -0.004938
7139.75 -0.004959
7142.50 -0.004933
7145.25 -0.004935
7148.00 -0.005044
7150.75 -0.004785
7153.50 -0.004968
7156.25 -0.005077
7159.00 -0.005173
7161.75 -0.005068
7164.50 -0.005102
7167.25 -0.005079
7170.00 -0.005164
7172.75 -0.005107
7175.50 -0.005312
7178.25 -0.005123
7181.00 -0.005206
7183.75 -0.005194
7186.50 -0.005277
7189.25 -0.005298
7192.00 -0.005478
7194.75 -0.005356
7197.50 -0.005387
7200.25 -0.005658
7203.00 -0.004969
7205.75 -0.005454
7208.50 -0.005070
7211.25 -0.005710
7214.00 -0.005272
7216.75 -0.005232
7219.50 -0.005301
7222.25 -0.005359
7225.00 -0.005466
7227.75 -0.005494
7230.50 -0.005365
7233.25 -0.005157
7236.00 -0.005293
7238.75 -0.005176
7241.50 -0.005233
7244.25 -0.005271
7247.00 -0.005324
7249.75 -0.005474
7252.50 -0.005598
7255.25 -0.005317
7258.00 -0.005334
7260.75 -0.005499
7263.50 -0.005534
7266.25 -0.005523
7269.00 -0.005505
7271.75 -0.005344
7274.50 -0.005418
7277.25 -0.005156
7280.00 -0.005327
7282.75 -0.005351
7285.50 -0.005387
7288.25 -0.005266
7291.00 -0.005481
7293.75 -0.005498
7296.50 -0.005372
7299.25 -0.005352
7302.00 -0.005382
7304.75 -0.005271
7307.50 -0.005496
7310.25 -0.005392
7313.00 -0.005538
7315.75 -0.005477
7318.50 -0.005696
7321.25 -0.005790
7324.00 -0.005563
7326.75 -0.005472
7329.50 -0.005452
7332.25 -0.005529
7335.00 -0.005548
7337.75 -0.005570
7340.50 -0.005738
7343.25 -0.005636
7346.00 -0.005713
7348.75 -0.005551
7351.50 -0.005603
7354.25 -0.005555
7357.00 -0.005529
7359.75 -0.005419
7362.50 -0.005605
7365.25 -0.005552
7368.00 -0.005548
7370.75 -0.005766
7373.50 -0.005895
7376.25 -0.006024
7379.00 -0.005713
7381.75 -0.005953
7384.50 -0.005843
7387.25 -0.005580
7390.00 -0.005808
7392.75 -0.005868
7395.50 -0.005536
7398.25 -0.005770
7401.00 -0.005957
7403.75 -0.005591
7406.50 -0.005886
7409.25 -0.005923
7412.00 -0.006020
7414.75 -0.005752
7417.50 -0.005741
7420.25 -0.005497
7423.00 -0.005575
7425.75 -0.005753
7428.50 -0.005735
7431.25 -0.005570
7434.00 -0.005770
7436.75 -0.005776
7439.50 -0.005819
7442.25 -0.005825
7445.00 -0.006004
7447.75 -0.005807
7450.50 -0.005960
7453.25 -0.005898
7456.00 -0.005968
7458.75 -0.006029
7461.50 -0.005955
7464.25 -0.005894
7467.00 -0.005574
7469.75 -0.005529
7472.50 -0.005532
7475.25 -0.005661
7478.00 -0.006006
7480.75 -0.005667
7483.50 -0.005872
7486.25 -0.005904
7489.00 -0.005798
7491.75 -0.005701
7494.50 -0.005631
7497.25 -0.006017
7500.00 -0.005914
7502.75 -0.005726
7505.50 -0.005775
7508.25 -0.006034
7511.00 -0.005966
7513.75 -0.005473
7516.50 -0.005676
7519.25 -0.006248
7522.00 -0.006122
7524.75 -0.005921
7527.50 -0.005593
7530.25 -0.005749
7533.00 -0.005596
7535.75 -0.005631
7538.50 -0.005412
7541.25 -0.005672
7544.00 -0.005957
7546.75 -0.005513
7549.50 -0.005479
7552.25 -0.005823
7555.00 -0.005489
7557.75 -0.005541
7560.50 -0.005434
7563.25 -0.005984
7566.00 -0.005795
7568.75 -0.005947
7571.50 -0.005708
7574.25 -0.005522
7577.00 -0.005663
7579.75 -0.005480
7582.50 -0.005534
7585.25 -0.005614
7588.00 -0.005657
7590.75 -0.005808
7593.50 -0.005768
7596.25 -0.005919
7599.00 -0.005653
7601.75 -0.005671
7604.50 -0.005877
7607.25 -0.005905
7610.00 -0.005978
7612.75 -0.005829
7615.50 -0.005423
7618.25 -0.005713
7621.00 -0.005770
7623.75 -0.006191
7626.50 -0.005834
7629.25 -0.005649
7632.00 -0.005669
7634.75 -0.005721
7637.50 -0.006025
7640.25 -0.005995
7643.00 -0.005687
7645.75 -0.005848
7648.50 -0.005810
7651.25 -0.005829
7654.00 -0.005731
7656.75 -0.005665
7659.50 -0.005733
7662.25 -0.005677
7665.00 -0.005672
7667.75 -0.005393
7670.50 -0.005392
7673.25 -0.005646
7676.00 -0.005689
7678.75 -0.005495
7681.50 -0.005611
7684.25 -0.005936
7687.00 -0.006043
7689.75 -0.005600
7692.50 -0.005670
7695.25 -0.006100
7698.00 -0.005918
7700.75 -0.005682
7703.50 -0.005915
7706.25 -0.005830
7709.00 -0.006295
7711.75 -0.006002
7714.50 -0.005996
7717.25 -0.005913
7720.00 -0.005720
7722.75 -0.006356
7725.50 -0.005886
7728.25 -0.005896
7731.00 -0.005784
7733.75 -0.005958
7736.50 -0.005942
7739.25 -0.005761
7742.00 -0.005843
7744.75 -0.005815
7747.50 -0.005719
7750.25 -0.005792
7753.00 -0.005886
7755.75 -0.005822
7758.50 -0.005887
7761.25 -0.005891
7764.00 -0.005689
7766.75 -0.006232
7769.50 -0.006112
7772.25 -0.005888
7775.00 -0.005879
7777.75 -0.006026
7780.50 -0.006129
7783.25 -0.005860
7786.00 -0.006276
7788.75 -0.006374
7791.50 -0.006193
7794.25 -0.006487
7797.00 -0.006163
7799.75 -0.006406
7802.50 -0.006550
7805.25 -0.006921
7808.00 -0.006851
7810.75 -0.006458
7813.50 -0.006963
7816.25 -0.006671
7819.00 -0.007156
7821.75 -0.006573
7824.50 -0.007030
7827.25 -0.007052
7830.00 -0.006608
7832.75 -0.006793
7835.50 -0.006682
7838.25 -0.006938
7841.00 -0.006603
7843.75 -0.006657
7846.50 -0.006730
7849.25 -0.006661
7852.00 -0.006787
7854.75 -0.006595
7857.50 -0.006860
7860.25 -0.006629
7863.00 -0.007030
7865.75 -0.007219
7868.50 -0.007110
7871.25 -0.007069
7874.00 -0.006848
7876.75 -0.006655
7879.50 -0.006571
7882.25 -0.006517
7885.00 -0.007120
7887.75 -0.006679
7890.50 -0.006450
7893.25 -0.006958
7896.00 -0.006574
7898.75 -0.006367
7901.50 -0.006577
7904.25 -0.006421
7907.00 -0.006606
7909.75 -0.006830
7912.50 -0.006581
7915.25 -0.006314
7918.00 -0.007051
7920.75 -0.006464
7923.50 -0.006092
7926.25 -0.006326
7929.00 -0.006389
7931.75 -0.006012
7934.50 -0.006222
7937.25 -0.006522
7940.00 -0.006131
7942.75 -0.006430
7945.50 -0.006337
7948.25 -0.006609
7951.00 -0.006421
7953.75 -0.006227
7956.50 -0.006281
7959.25 -0.006150
7962.00 -0.006316
7964.75 -0.006348
7967.50 -0.006399
7970.25 -0.006357
7973.00 -0.005974
7975.75 -0.006299
7978.50 -0.006121
7981.25 -0.006130
7984.00 -0.006531
7986.75 -0.006576
7989.50 -0.006089
7992.25 -0.006220
7995.00 -0.006031
7997.75 -0.006622
