900.00 0.038640
902.75 0.040921
905.50 0.040607
908.25 0.041113
911.00 0.043602
913.75 0.045274
916.50 0.044632
919.25 0.043697
922.00 0.042737
924.75 0.045909
927.50 0.043563
930.25 0.046954
933.00 0.047227
935.75 0.044253
938.50 0.049458
941.25 0.049105
944.00 0.051696
946.75 0.049554
949.50 0.045155
952.25 0.047197
955.00 0.046163
957.75 0.045267
960.50 0.045425
963.25 0.045431
966.00 0.048104
968.75 0.047682
971.50 0.050423
974.25 0.054347
977.00 0.053488
979.75 0.052906
982.50 0.051485
985.25 0.048188
988.00 0.051918
990.75 0.052174
993.50 0.047913
996.25 0.046999
999.00 0.048161
1001.75 0.047667
1004.50 0.048441
1007.25 0.047238
1010.00 0.048709
1012.75 0.051898
1015.50 0.053692
1018.25 0.056535
1021.00 0.060338
1023.75 0.065992
1026.50 0.074981
1029.25 0.082544
1032.00 0.075104
1034.75 0.077475
1037.50 0.071816
1040.25 0.057733
1043.00 0.047913
1045.75 0.045546
1048.50 0.043559
1051.25 0.040791
1054.00 0.040254
1056.75 0.038466
1059.50 0.039788
1062.25 0.039070
1065.00 0.034990
1067.75 0.035167
1070.50 0.035976
1073.25 0.035471
1076.00 0.034203
1078.75 0.033660
1081.50 0.033759
1084.25 0.033557
1087.00 0.032277
1089.75 0.033476
1092.50 0.032721
1095.25 0.034122
1098.00 0.031187
1100.75 0.032541
1103.50 0.032762
1106.25 0.031997
1109.00 0.032842
1111.75 0.033607
1114.50 0.031125
1117.25 0.033326
1120.00 0.031362
1122.75 0.028837
1125.50 0.029581
1128.25 0.032349
1131.00 0.030404
1133.75 0.028489
1136.50 0.030913
1139.25 0.025762
1142.00 0.026930
1144.75 0.027854
1147.50 0.026971
1150.25 0.025861
1153.00 0.025785
1155.75 0.027627
1158.50 0.027392
1161.25 0.027011
1164.00 0.026504
1166.75 0.027580
1169.50 0.030699
1172.25 0.034415
1175.00 0.036147
1177.75 0.034173
1180.50 0.036412
1183.25 0.038762
1186.00 0.044804
1188.75 0.044024
1191.50 0.043481
1194.25 0.048918
1197.00 0.053667
1199.75 0.064344
1202.50 0.072951
1205.25 0.092392
1208.00 0.109028
1210.75 0.117201
1213.50 0.228522
1216.25 0.272780
1219.00 0.179252
1221.75 0.110856
1224.50 0.070161
1227.25 0.049947
1230.00 0.034221
1232.75 0.015625
1235.50 0.001503
1238.25 -0.000813
1241.00 0.004120
1243.75 -0.003448
1246.50 -0.011291
1249.25 -0.012397
1252.00 -0.013265
1254.75 -0.013002
1257.50 -0.014737
1260.25 -0.014985
1263.00 -0.014496
1265.75 -0.014633
1268.50 -0.013856
1271.25 -0.013660
1274.00 -0.012281
1276.75 -0.012636
1279.50 -0.012070
1282.25 -0.011824
1285.00 -0.011607
1287.75 -0.010506
1290.50 -0.011476
1293.25 -0.011112
1296.00 -0.011005
1298.75 -0.010341
1301.50 -0.009530
1304.25 -0.007588
1307.00 -0.007650
1309.75 -0.009827
1312.50 -0.010452
1315.25 -0.010894
1318.00 -0.011612
1320.75 -0.011413
1323.50 -0.011230
1326.25 -0.012197
1329.00 -0.012792
1331.75 -0.012829
1334.50 -0.012535
1337.25 -0.012388
1340.00 -0.012044
1342.75 -0.012408
1345.50 -0.011909
1348.25 -0.011925
1351.00 -0.011680
1353.75 -0.011257
1356.50 -0.010556
1359.25 -0.010545
1362.00 -0.011171
1364.75 -0.010591
1367.50 -0.011269
1370.25 -0.012303
1373.00 -0.012878
1375.75 -0.012656
1378.50 -0.012575
1381.25 -0.012412
1384.00 -0.014084
1386.75 -0.015701
1389.50 -0.015811
1392.25 -0.016979
1395.00 -0.019546
1397.75 -0.020607
1400.50 -0.020765
1403.25 -0.020401
1406.00 -0.021483
1408.75 -0.021897
1411.50 -0.021029
1414.25 -0.021690
1417.00 -0.021418
1419.75 -0.021289
1422.50 -0.020734
1425.25 -0.020222
1428.00 -0.020098
1430.75 -0.019480
1433.50 -0.020180
1436.25 -0.019372
1439.00 -0.019197
1441.75 -0.018529
1444.50 -0.018066
1447.25 -0.018036
1450.00 -0.018029
1452.75 -0.018171
1455.50 -0.017677
1458.25 -0.017542
1461.00 -0.017549
1463.75 -0.017527
1466.50 -0.017142
1469.25 -0.017533
1472.00 -0.017238
1474.75 -0.016708
1477.50 -0.016270
1480.25 -0.015867
1483.00 -0.015834
1485.75 -0.015351
1488.50 -0.015754
1491.25 -0.016221
1494.00 -0.016110
1496.75 -0.015922
1499.50 -0.015471
1502.25 -0.015929
1505.00 -0.015695
1507.75 -0.016380
1510.50 -0.017010
1513.25 -0.018040
1516.00 -0.017986
1518.75 -0.017990
1521.50 -0.018813
1524.25 -0.020537
1527.00 -0.022480
1529.75 -0.021410
1532.50 -0.018619
1535.25 -0.016280
1538.00 -0.017619
1540.75 -0.022086
1543.50 -0.022265
1546.25 -0.016533
1549.00 -0.011043
1551.75 -0.014589
1554.50 -0.022407
1557.25 -0.025425
1560.00 -0.026364
1562.75 -0.026876
1565.50 -0.026812
1568.25 -0.027095
1571.00 -0.027460
1573.75 -0.027126
1576.50 -0.026950
1579.25 -0.026917
1582.00 -0.026832
1584.75 -0.026925
1587.50 -0.026999
1590.25 -0.026892
1593.00 -0.026918
1595.75 -0.026542
1598.50 -0.026723
1601.25 -0.026819
1604.00 -0.026992
1606.75 -0.027038
1609.50 -0.027264
1612.25 -0.026770
1615.00 -0.027026
1617.75 -0.026743
1620.50 -0.026959
1623.25 -0.027026
1626.00 -0.026849
1628.75 -0.026868
1631.50 -0.026963
1634.25 -0.026697
1637.00 -0.026028
1639.75 -0.025694
1642.50 -0.026211
1645.25 -0.025901
1648.00 -0.025884
1650.75 -0.025857
1653.50 -0.025744
1656.25 -0.025850
1659.00 -0.025496
1661.75 -0.025330
1664.50 -0.025354
1667.25 -0.025295
1670.00 -0.025398
1672.75 -0.025538
1675.50 -0.025261
1678.25 -0.025130
1681.00 -0.025041
1683.75 -0.025056
1686.50 -0.024935
1689.25 -0.024997
1692.00 -0.024948
1694.75 -0.025421
1697.50 -0.025044
1700.25 -0.025584
1703.00 -0.025679
1705.75 -0.025764
1708.50 -0.026010
1711.25 -0.026045
1714.00 -0.026291
1716.75 -0.026489
1719.50 -0.025983
1722.25 -0.026513
1725.00 -0.026168
1727.75 -0.026347
1730.50 -0.026322
1733.25 -0.025955
1736.00 -0.026335
1738.75 -0.026450
1741.50 -0.026572
1744.25 -0.026523
1747.00 -0.026603
1749.75 -0.026440
1752.50 -0.026139
1755.25 -0.025941
1758.00 -0.025884
1760.75 -0.025514
1763.50 -0.025511
1766.25 -0.025468
1769.00 -0.025739
1771.75 -0.025466
1774.50 -0.025386
1777.25 -0.025430
1780.00 -0.025403
1782.75 -0.025382
1785.50 -0.025511
1788.25 -0.025149
1791.00 -0.025191
1793.75 -0.025074
1796.50 -0.025198
1799.25 -0.025017
1802.00 -0.024921
1804.75 -0.024940
1807.50 -0.024997
1810.25 -0.025216
1813.00 -0.025030
1815.75 -0.025143
1818.50 -0.025099
1821.25 -0.025166
1824.00 -0.025091
1826.75 -0.025016
1829.50 -0.025156
1832.25 -0.024973
1835.00 -0.025458
1837.75 -0.025594
1840.50 -0.025922
1843.25 -0.026225
1846.00 -0.026572
1848.75 -0.027244
1851.50 -0.027745
1854.25 -0.027908
1857.00 -0.028315
1859.75 -0.028397
1862.50 -0.028460
1865.25 -0.028595
1868.00 -0.028538
1870.75 -0.028663
1873.50 -0.028768
1876.25 -0.029273
1879.00 -0.029646
1881.75 -0.030417
1884.50 -0.030982
1887.25 -0.031871
1890.00 -0.032434
1892.75 -0.033072
1895.50 -0.033606
1898.25 -0.033686
1901.00 -0.033807
1903.75 -0.033504
1906.50 -0.032553
1909.25 -0.032209
1912.00 -0.031714
1914.75 -0.031447
1917.50 -0.030861
1920.25 -0.029979
1923.00 -0.029491
1925.75 -0.028978
1928.50 -0.028335
1931.25 -0.027939
1934.00 -0.027411
1936.75 -0.026792
1939.50 -0.026468
1942.25 -0.026140
1945.00 -0.025849
1947.75 -0.025748
1950.50 -0.025445
1953.25 -0.025308
1956.00 -0.025302
1958.75 -0.024896
1961.50 -0.024728
1964.25 -0.024629
1967.00 -0.024424
1969.75 -0.024276
1972.50 -0.024150
1975.25 -0.024165
1978.00 -0.023973
1980.75 -0.024011
1983.50 -0.024028
1986.25 -0.024071
1989.00 -0.024125
1991.75 -0.024008
1994.50 -0.023976
1997.25 -0.023843
2000.00 -0.023968
2002.75 -0.023959
2005.50 -0.023643
2008.25 -0.023708
2011.00 -0.023549
2013.75 -0.023489
2016.50 -0.023477
2019.25 -0.023317
2022.00 -0.023371
2024.75 -0.023263
2027.50 -0.023169
2030.25 -0.023088
2033.00 -0.023262
2035.75 -0.023173
2038.50 -0.023290
2041.25 -0.023242
2044.00 -0.023355
2046.75 -0.023348
2049.50 -0.023462
2052.25 -0.023474
2055.00 -0.023603
2057.75 -0.023892
2060.50 -0.023908
2063.25 -0.023987
2066.00 -0.024034
2068.75 -0.024124
2071.50 -0.024219
2074.25 -0.024066
2077.00 -0.024088
2079.75 -0.023987
2082.50 -0.024000
2085.25 -0.023747
2088.00 -0.023789
2090.75 -0.023546
2093.50 -0.023560
2096.25 -0.023304
2099.00 -0.023283
2101.75 -0.023226
2104.50 -0.023034
2107.25 -0.022985
2110.00 -0.022860
2112.75 -0.022584
2115.50 -0.022288
2118.25 -0.022384
2121.00 -0.021987
2123.75 -0.021956
2126.50 -0.021781
2129.25 -0.021655
2132.00 -0.021644
2134.75 -0.021647
2137.50 -0.021708
2140.25 -0.021610
2143.00 -0.021536
2145.75 -0.021297
2148.50 -0.021301
2151.25 -0.021214
2154.00 -0.020985
2156.75 -0.021050
2159.50 -0.021039
2162.25 -0.020963
2165.00 -0.020929
2167.75 -0.020833
2170.50 -0.020922
2173.25 -0.020972
2176.00 -0.020933
2178.75 -0.020792
2181.50 -0.020899
2184.25 -0.020552
2187.00 -0.020621
2189.75 -0.020493
2192.50 -0.019190
2195.25 -0.020348
2198.00 -0.020199
2200.75 -0.020541
2203.50 -0.020281
2206.25 -0.020359
2209.00 -0.020368
2211.75 -0.020348
2214.50 -0.020249
2217.25 -0.020440
2220.00 -0.020354
2222.75 -0.020338
2225.50 -0.020158
2228.25 -0.020279
2231.00 -0.020061
2233.75 -0.020188
2236.50 -0.019925
2239.25 -0.019948
2242.00 -0.019951
2244.75 -0.020151
2247.50 -0.020104
2250.25 -0.020151
2253.00 -0.020158
2255.75 -0.020298
2258.50 -0.020080
2261.25 -0.020280
2264.00 -0.020291
2266.75 -0.020413
2269.50 -0.020560
2272.25 -0.020562
2275.00 -0.020951
2277.75 -0.020682
2280.50 -0.020594
2283.25 -0.020533
2286.00 -0.020646
2288.75 -0.020630
2291.50 -0.020910
2294.25 -0.020857
2297.00 -0.020995
2299.75 -0.020874
2302.50 -0.021058
2305.25 -0.021005
2308.00 -0.021006
2310.75 -0.021094
2313.50 -0.021105
2316.25 -0.021172
2319.00 -0.021265
2321.75 -0.021345
2324.50 -0.021546
2327.25 -0.021589
2330.00 -0.021387
2332.75 -0.021193
2335.50 -0.021134
2338.25 -0.021059
2341.00 -0.020933
2343.75 -0.020950
2346.50 -0.020638
2349.25 -0.020615
2352.00 -0.020521
2354.75 -0.020568
2357.50 -0.020351
2360.25 -0.020413
2363.00 -0.020384
2365.75 -0.020327
2368.50 -0.020191
2371.25 -0.020201
2374.00 -0.020220
2376.75 -0.020150
2379.50 -0.020206
2382.25 -0.020301
2385.00 -0.020288
2387.75 -0.020360
2390.50 -0.020361
2393.25 -0.020345
2396.00 -0.020376
2398.75 -0.020278
2401.50 -0.020178
2404.25 -0.020240
2407.00 -0.020335
2409.75 -0.020419
2412.50 -0.020547
2415.25 -0.020551
2418.00 -0.020824
2420.75 -0.020922
2423.50 -0.021031
2426.25 -0.020927
2429.00 -0.020699
2431.75 -0.020583
2434.50 -0.020771
2437.25 -0.020680
2440.00 -0.020710
2442.75 -0.020534
2445.50 -0.020528
2448.25 -0.020367
2451.00 -0.020375
2453.75 -0.020318
2456.50 -0.020434
2459.25 -0.020490
2462.00 -0.020258
2464.75 -0.020465
2467.50 -0.020518
2470.25 -0.020587
2473.00 -0.020423
2475.75 -0.020355
2478.50 -0.020501
2481.25 -0.020358
2484.00 -0.020346
2486.75 -0.020501
2489.50 -0.020396
2492.25 -0.020180
2495.00 -0.020060
2497.75 -0.020168
2500.50 -0.020196
2503.25 -0.020239
2506.00 -0.020141
2508.75 -0.019986
2511.50 -0.020047
2514.25 -0.019936
2517.00 -0.019945
2519.75 -0.019952
2522.50 -0.019872
2525.25 -0.019965
2528.00 -0.019892
2530.75 -0.019799
2533.50 -0.019830
2536.25 -0.019596
2539.00 -0.019667
2541.75 -0.019651
2544.50 -0.019542
2547.25 -0.019746
2550.00 -0.019510
2552.75 -0.019423
2555.50 -0.019268
2558.25 -0.019139
2561.00 -0.019262
2563.75 -0.019199
2566.50 -0.019041
2569.25 -0.019182
2572.00 -0.018949
2574.75 -0.019076
2577.50 -0.018944
2580.25 -0.018846
2583.00 -0.018632
2585.75 -0.018488
2588.50 -0.018544
2591.25 -0.018594
2594.00 -0.018777
2596.75 -0.018704
2599.50 -0.018503
2602.25 -0.018586
2605.00 -0.018509
2607.75 -0.018586
2610.50 -0.018508
2613.25 -0.018428
2616.00 -0.018392
2618.75 -0.018435
2621.50 -0.018401
2624.25 -0.018457
2627.00 -0.018475
2629.75 -0.018401
2632.50 -0.018176
2635.25 -0.018116
2638.00 -0.018025
2640.75 -0.017741
2643.50 -0.017516
2646.25 -0.017515
2649.00 -0.017556
2651.75 -0.017401
2654.50 -0.017247
2657.25 -0.017295
2660.00 -0.017295
2662.75 -0.017147
2665.50 -0.017188
2668.25 -0.017129
2671.00 -0.017166
2673.75 -0.017313
2676.50 -0.017139
2679.25 -0.017233
2682.00 -0.017340
2684.75 -0.017369
2687.50 -0.017200
2690.25 -0.017353
2693.00 -0.017229
2695.75 -0.017419
2698.50 -0.017376
2701.25 -0.017458
2704.00 -0.017569
2706.75 -0.017590
2709.50 -0.017845
2712.25 -0.018172
2715.00 -0.018008
2717.75 -0.018029
2720.50 -0.018298
2723.25 -0.018325
2726.00 -0.018451
2728.75 -0.018645
2731.50 -0.018564
2734.25 -0.018462
2737.00 -0.018548
2739.75 -0.018587
2742.50 -0.018397
2745.25 -0.018797
2748.00 -0.018907
2750.75 -0.018793
2753.50 -0.018882
2756.25 -0.018689
2759.00 -0.018881
2761.75 -0.019262
2764.50 -0.019512
2767.25 -0.019588
2770.00 -0.020103
2772.75 -0.020526
2775.50 -0.020903
2778.25 -0.021311
2781.00 -0.021789
2783.75 -0.022208
2786.50 -0.023032
2789.25 -0.023927
2792.00 -0.024867
2794.75 -0.026444
2797.50 -0.026522
2800.25 -0.026456
2803.00 -0.026529
2805.75 -0.025645
2808.50 -0.024295
2811.25 -0.023742
2814.00 -0.022741
2816.75 -0.021939
2819.50 -0.021252
2822.25 -0.020599
2825.00 -0.020495
2827.75 -0.020235
2830.50 -0.019837
2833.25 -0.019054
2836.00 -0.019134
2838.75 -0.018467
2841.50 -0.018491
2844.25 -0.018358
2847.00 -0.018364
2849.75 -0.018261
2852.50 -0.017863
2855.25 -0.017878
2858.00 -0.017646
2860.75 -0.017375
2863.50 -0.017180
2866.25 -0.017061
2869.00 -0.016918
2871.75 -0.016544
2874.50 -0.016349
2877.25 -0.016299
2880.00 -0.016311
2882.75 -0.016654
2885.50 -0.015909
2888.25 -0.016169
2891.00 -0.015916
2893.75 -0.015533
2896.50 -0.015292
2899.25 -0.015735
2902.00 -0.015528
2904.75 -0.015713
2907.50 -0.014699
2910.25 -0.014976
2913.00 -0.015364
2915.75 -0.015210
2918.50 -0.015065
2921.25 -0.015703
2924.00 -0.015666
2926.75 -0.015407
2929.50 -0.016039
2932.25 -0.015568
2935.00 -0.015991
2937.75 -0.015640
2940.50 -0.015780
2943.25 -0.015174
2946.00 -0.015590
2948.75 -0.015443
2951.50 -0.015565
2954.25 -0.015980
2957.00 -0.015965
2959.75 -0.015543
2962.50 -0.015711
2965.25 -0.015819
2968.00 -0.015274
2970.75 -0.015566
2973.50 -0.014882
2976.25 -0.014853
2979.00 -0.014691
2981.75 -0.014547
2984.50 -0.014630
2987.25 -0.014979
2990.00 -0.014620
2992.75 -0.014241
2995.50 -0.014013
2998.25 -0.014148
3001.00 -0.014027
3003.75 -0.013822
3006.50 -0.013779
3009.25 -0.013354
3012.00 -0.013561
3014.75 -0.013433
3017.50 -0.013390
3020.25 -0.013296
3023.00 -0.012585
3025.75 -0.013167
3028.50 -0.012916
3031.25 -0.012852
3034.00 -0.012745
3036.75 -0.013140
3039.50 -0.012980
3042.25 -0.013049
3045.00 -0.013204
3047.75 -0.013021
3050.50 -0.012806
3053.25 -0.013085
3056.00 -0.012869
3058.75 -0.012675
3061.50 -0.013229
3064.25 -0.013448
3067.00 -0.013073
3069.75 -0.012884
3072.50 -0.013076
3075.25 -0.012901
3078.00 -0.013321
3080.75 -0.012967
3083.50 -0.012892
3086.25 -0.013104
3089.00 -0.012843
3091.75 -0.012666
3094.50 -0.013005
3097.25 -0.012422
3100.00 -0.012685
3102.75 -0.012849
3105.50 -0.012566
3108.25 -0.013387
3111.00 -0.013234
3113.75 -0.013182
3116.50 -0.013137
3119.25 -0.013440
3122.00 -0.013510
3124.75 -0.013366
3127.50 -0.013725
3130.25 -0.013827
3133.00 -0.013489
3135.75 -0.013543
3138.50 -0.013310
3141.25 -0.013344
3144.00 -0.013266
3146.75 -0.012994
3149.50 -0.012749
3152.25 -0.012361
3155.00 -0.012887
3157.75 -0.013315
3160.50 -0.013469
3163.25 -0.013028
3166.00 -0.012972
3168.75 -0.013382
3171.50 -0.012661
3174.25 -0.013190
3177.00 -0.013475
3179.75 -0.013760
3182.50 -0.013583
3185.25 -0.013876
3188.00 -0.013938
3190.75 -0.013967
3193.50 -0.013488
3196.25 -0.013786
3199.00 -0.013159
3201.75 -0.012842
3204.50 -0.012772
3207.25 -0.012631
3210.00 -0.012953
3212.75 -0.013149
3215.50 -0.012857
3218.25 -0.012510
3221.00 -0.012887
3223.75 -0.013024
3226.50 -0.012322
3229.25 -0.012871
3232.00 -0.012555
3234.75 -0.012245
3237.50 -0.012628
3240.25 -0.012222
3243.00 -0.012371
3245.75 -0.012526
3248.50 -0.012916
3251.25 -0.013078
3254.00 -0.012668
3256.75 -0.013196
3259.50 -0.012460
3262.25 -0.012423
3265.00 -0.012289
3267.75 -0.012145
3270.50 -0.012040
3273.25 -0.011845
3276.00 -0.012596
3278.75 -0.012055
3281.50 -0.012269
3284.25 -0.012412
3287.00 -0.011829
3289.75 -0.011989
3292.50 -0.011418
3295.25 -0.011437
3298.00 -0.011389
3300.75 -0.011314
3303.50 -0.011472
3306.25 -0.011587
3309.00 -0.011202
3311.75 -0.011351
3314.50 -0.010839
3317.25 -0.011123
3320.00 -0.011043
3322.75 -0.010955
3325.50 -0.010906
3328.25 -0.011135
3331.00 -0.011054
3333.75 -0.011391
3336.50 -0.011214
3339.25 -0.011683
3342.00 -0.011348
3344.75 -0.011636
3347.50 -0.011115
3350.25 -0.011051
3353.00 -0.010452
3355.75 -0.011068
3358.50 -0.011218
3361.25 -0.010994
3364.00 -0.010836
3366.75 -0.011065
3369.50 -0.010745
3372.25 -0.011192
3375.00 -0.011172
3377.75 -0.011012
3380.50 -0.010982
3383.25 -0.010773
3386.00 -0.010920
3388.75 -0.010409
3391.50 -0.010015
3394.25 -0.010399
3397.00 -0.010718
3399.75 -0.010437
3402.50 -0.010870
3405.25 -0.010700
3408.00 -0.010673
3410.75 -0.010855
3413.50 -0.010734
3416.25 -0.010615
3419.00 -0.010628
3421.75 -0.011237
3424.50 -0.010574
3427.25 -0.010154
3430.00 -0.010212
3432.75 -0.010247
3435.50 -0.010391
3438.25 -0.010643
3441.00 -0.011204
3443.75 -0.011015
3446.50 -0.010766
3449.25 -0.010445
3452.00 -0.010152
3454.75 -0.009892
3457.50 -0.009940
3460.25 -0.010228
3463.00 -0.009932
3465.75 -0.010061
3468.50 -0.009148
3471.25 -0.009303
3474.00 -0.009773
3476.75 -0.010135
3479.50 -0.009374
3482.25 -0.009528
3485.00 -0.009592
3487.75 -0.009228
3490.50 -0.009432
3493.25 -0.009472
3496.00 -0.009564
3498.75 -0.009416
3501.50 -0.009609
3504.25 -0.009221
3507.00 -0.009151
3509.75 -0.009637
3512.50 -0.009305
3515.25 -0.009090
3518.00 -0.008767
3520.75 -0.008954
3523.50 -0.009081
3526.25 -0.008779
3529.00 -0.008918
3531.75 -0.008421
3534.50 -0.008346
3537.25 -0.008311
3540.00 -0.008354
3542.75 -0.008083
3545.50 -0.008071
3548.25 -0.008147
3551.00 -0.008085
3553.75 -0.008311
3556.50 -0.008360
3559.25 -0.008480
3562.00 -0.008756
3564.75 -0.008627
3567.50 -0.008702
3570.25 -0.008674
3573.00 -0.009024
3575.75 -0.008365
3578.50 -0.008421
3581.25 -0.008683
3584.00 -0.008661
3586.75 -0.008691
3589.50 -0.008403
3592.25 -0.008016
3595.00 -0.008376
3597.75 -0.008011
3600.50 -0.007671
3603.25 -0.007778
3606.00 -0.008095
3608.75 -0.007962
3611.50 -0.007920
3614.25 -0.008134
3617.00 -0.007806
3619.75 -0.008013
3622.50 -0.008122
3625.25 -0.007504
3628.00 -0.007337
3630.75 -0.007402
3633.50 -0.007540
3636.25 -0.007778
3639.00 -0.007564
3641.75 -0.007074
3644.50 -0.007306
3647.25 -0.007494
3650.00 -0.007225
3652.75 -0.006957
3655.50 -0.006726
3658.25 -0.006537
3661.00 -0.006832
3663.75 -0.006735
3666.50 -0.006850
3669.25 -0.006861
3672.00 -0.006700
3674.75 -0.006726
3677.50 -0.006816
3680.25 -0.006666
3683.00 -0.006660
3685.75 -0.006403
3688.50 -0.006849
3691.25 -0.006356
3694.00 -0.006596
3696.75 -0.006008
3699.50 -0.006322
3702.25 -0.006104
3705.00 -0.006455
3707.75 -0.006321
3710.50 -0.006247
3713.25 -0.006161
3716.00 -0.006254
3718.75 -0.006107
3721.50 -0.005913
3724.25 -0.006471
3727.00 -0.005811
3729.75 -0.005989
3732.50 -0.006237
3735.25 -0.006233
3738.00 -0.006364
3740.75 -0.005810
3743.50 -0.005759
3746.25 -0.006215
3749.00 -0.006427
3751.75 -0.006484
3754.50 -0.005881
3757.25 -0.005474
3760.00 -0.005705
3762.75 -0.005504
3765.50 -0.005625
3768.25 -0.005858
3771.00 -0.005637
3773.75 -0.005415
3776.50 -0.004760
3779.25 -0.004541
3782.00 -0.004073
3784.75 -0.004241
3787.50 -0.004859
3790.25 -0.004524
3793.00 -0.004557
3795.75 -0.004315
3798.50 -0.004701
3801.25 -0.004453
3804.00 -0.004087
3806.75 -0.003669
3809.50 -0.003205
3812.25 -0.003766
3815.00 -0.003997
3817.75 -0.002559
3820.50 -0.004756
3823.25 -0.001855
3826.00 -0.003393
3828.75 -0.004623
3831.50 -0.003274
3834.25 -0.006655
3837.00 -0.005636
3839.75 -0.006144
3842.50 -0.004172
3845.25 -0.003955
3848.00 -0.000772
3850.75 -0.004389
3853.50 -0.003377
3856.25 -0.002708
3859.00 -0.004319
3861.75 -0.004508
3864.50 -0.005711
3867.25 -0.002964
3870.00 -0.003512
3872.75 -0.006145
3875.50 -0.001068
3878.25 -0.001345
3881.00 -0.003060
3883.75 -0.004102
3886.50 -0.003959
3889.25 -0.004465
3892.00 -0.003357
3894.75 -0.005404
3897.50 -0.002422
3900.25 -0.001807
3903.00 -0.002595
3905.75 -0.002009
3908.50 -0.003998
3911.25 -0.006634
3914.00 -0.001284
3916.75 -0.001624
3919.50 -0.001424
3922.25 -0.003028
3925.00 -0.001852
3927.75 -0.002392
3930.50 -0.006317
3933.25 -0.004239
3936.00 -0.003629
3938.75 -0.005057
3941.50 -0.002849
3944.25 -0.003540
3947.00 -0.001666
3949.75 -0.002558
3952.50 -0.000225
3955.25 -0.002048
3958.00 -0.003242
3960.75 -0.001295
3963.50 -0.002623
3966.25 -0.004108
3969.00 -0.003736
3971.75 -0.003163
3974.50 -0.000985
3977.25 -0.001739
3980.00 -0.002260
3982.75 -0.001339
3985.50 -0.000795
3988.25 -0.002553
3991.00 0.000199
3993.75 -0.000496
3996.50 -0.000290
3999.25 0.001208
4002.00 -0.000674
4004.75 -0.000652
4007.50 -0.000954
4010.25 0.000107
4013.00 0.000841
4015.75 0.000050
4018.50 0.001134
4021.25 0.002527
4024.00 0.001988
4026.75 0.001756
4029.50 0.000571
4032.25 0.000912
4035.00 0.000821
4037.75 0.001264
4040.50 0.003855
4043.25 0.001276
4046.00 0.001008
4048.75 0.001458
4051.50 0.000672
4054.25 0.000692
4057.00 0.000895
4059.75 0.000068
4062.50 0.000391
4065.25 0.000664
4068.00 0.000389
4070.75 0.002342
4073.50 0.000779
4076.25 0.001459
4079.00 0.001735
4081.75 0.001733
4084.50 0.001892
4087.25 0.000743
4090.00 0.000189
4092.75 -0.000655
4095.50 0.002116
4098.25 -0.000625
4101.00 -0.000531
4103.75 -0.001347
4106.50 -0.000176
4109.25 0.000014
4112.00 -0.000331
4114.75 -0.000115
4117.50 0.000263
4120.25 0.000554
4123.00 0.001522
4125.75 0.002199
4128.50 0.002087
4131.25 0.000474
4134.00 0.001016
4136.75 0.001102
4139.50 0.001581
4142.25 0.001139
4145.00 0.001348
4147.75 0.002164
4150.50 0.001462
4153.25 0.002465
4156.00 0.002853
4158.75 0.000237
4161.50 0.001340
4164.25 0.000918
4167.00 0.000929
4169.75 0.001907
4172.50 0.000737
4175.25 0.001392
4178.00 0.000769
4180.75 0.001736
4183.50 0.002618
4186.25 0.001608
4189.00 0.002408
4191.75 0.002670
4194.50 0.001680
4197.25 0.001857
4200.00 0.003177
4202.75 0.001903
4205.50 0.002411
4208.25 0.002800
4211.00 0.003146
4213.75 0.003649
4216.50 0.002304
4219.25 0.003250
4222.00 0.003313
4224.75 0.003941
4227.50 0.002766
4230.25 0.002315
4233.00 0.002367
4235.75 0.002400
4238.50 0.003268
4241.25 0.002914
4244.00 0.003167
4246.75 0.003960
4249.50 0.002014
4252.25 0.001170
4255.00 0.002572
4257.75 0.003378
4260.50 0.001949
4263.25 0.002818
4266.00 0.003866
4268.75 0.004185
4271.50 0.002828
4274.25 0.002345
4277.00 0.003440
4279.75 0.003197
4282.50 0.002987
4285.25 0.003564
4288.00 0.002733
4290.75 0.003070
4293.50 0.001482
4296.25 0.002852
4299.00 0.001965
4301.75 0.003214
4304.50 0.001879
4307.25 0.002152
4310.00 0.003215
4312.75 0.001820
4315.50 0.001885
4318.25 0.002373
4321.00 0.004005
4323.75 0.001730
4326.50 0.002477
4329.25 0.003238
4332.00 0.002120
4334.75 0.001828
4337.50 0.002134
4340.25 0.001231
4343.00 0.001326
4345.75 0.002298
4348.50 0.003163
4351.25 0.003133
4354.00 0.002687
4356.75 0.002147
4359.50 0.002947
4362.25 0.002467
4365.00 0.002879
4367.75 0.004301
4370.50 0.003639
4373.25 0.004163
4376.00 0.004752
4378.75 0.004440
4381.50 0.003271
4384.25 0.003778
4387.00 0.004273
4389.75 0.004885
4392.50 0.003219
4395.25 0.004325
4398.00 0.004815
4400.75 0.004016
4403.50 0.004130
4406.25 0.004446
4409.00 0.005365
4411.75 0.005150
4414.50 0.005346
4417.25 0.004976
4420.00 0.004986
4422.75 0.004314
4425.50 0.004729
4428.25 0.004097
4431.00 0.004858
4433.75 0.005172
4436.50 0.005465
4439.25 0.005332
4442.00 0.004719
4444.75 0.004770
4447.50 0.005471
4450.25 0.004492
4453.00 0.005203
4455.75 0.006052
4458.50 0.005271
4461.25 0.004727
4464.00 0.004907
4466.75 0.004194
4469.50 0.006411
4472.25 0.005715
4475.00 0.005411
4477.75 0.005234
4480.50 0.005552
4483.25 0.005082
4486.00 0.005953
4488.75 0.005496
4491.50 0.005401
4494.25 0.005343
4497.00 0.006773
4499.75 0.005695
4502.50 0.006171
4505.25 0.004869
4508.00 0.005271
4510.75 0.006080
4513.50 0.007293
4516.25 0.006076
4519.00 0.006163
4521.75 0.005151
4524.50 0.005138
4527.25 0.005045
4530.00 0.004903
4532.75 0.005871
4535.50 0.005559
4538.25 0.005063
4541.00 0.007081
4543.75 0.005667
4546.50 0.006300
4549.25 0.005991
4552.00 0.005457
4554.75 0.006434
4557.50 0.005313
4560.25 0.005837
4563.00 0.006640
4565.75 0.006556
4568.50 0.006614
4571.25 0.006437
4574.00 0.006322
4576.75 0.006592
4579.50 0.006043
4582.25 0.006177
4585.00 0.006834
4587.75 0.006494
4590.50 0.006310
4593.25 0.006299
4596.00 0.006348
4598.75 0.005944
4601.50 0.006684
4604.25 0.006702
4607.00 0.006932
4609.75 0.007437
4612.50 0.007484
4615.25 0.006105
4618.00 0.005527
4620.75 0.007601
4623.50 0.006937
4626.25 0.006292
4629.00 0.006115
4631.75 0.006256
4634.50 0.006839
4637.25 0.007403
4640.00 0.007206
4642.75 0.006384
4645.50 0.006875
4648.25 0.006343
4651.00 0.006644
4653.75 0.006220
4656.50 0.007616
4659.25 0.007861
4662.00 0.008420
4664.75 0.007361
4667.50 0.007489
4670.25 0.006870
4673.00 0.007265
4675.75 0.006764
4678.50 0.006422
4681.25 0.008219
4684.00 0.008040
4686.75 0.008297
4689.50 0.008008
4692.25 0.007586
4695.00 0.007905
4697.75 0.007780
4700.50 0.007716
4703.25 0.008259
4706.00 0.007354
4708.75 0.007466
4711.50 0.007138
4714.25 0.007168
4717.00 0.007355
4719.75 0.007833
4722.50 0.007767
4725.25 0.007837
4728.00 0.008287
4730.75 0.008723
4733.50 0.007443
4736.25 0.007747
4739.00 0.007532
4741.75 0.007833
4744.50 0.007939
4747.25 0.007865
4750.00 0.008193
4752.75 0.008756
4755.50 0.008410
4758.25 0.008084
4761.00 0.008150
4763.75 0.007758
4766.50 0.007826
4769.25 0.008463
4772.00 0.008293
4774.75 0.007522
4777.50 0.008383
4780.25 0.007589
4783.00 0.008401
4785.75 0.006998
4788.50 0.008393
4791.25 0.007754
4794.00 0.007950
4796.75 0.008306
4799.50 0.008238
4802.25 0.008514
4805.00 0.008311
4807.75 0.008774
4810.50 0.008450
4813.25 0.008862
4816.00 0.008994
4818.75 0.008321
4821.50 0.007887
4824.25 0.007682
4827.00 0.007453
4829.75 0.008335
4832.50 0.007802
4835.25 0.007964
4838.00 0.007003
4840.75 0.007316
4843.50 0.006569
4846.25 0.007601
4849.00 0.006992
4851.75 0.007381
4854.50 0.006472
4857.25 0.005883
4860.00 0.006315
4862.75 0.005898
4865.50 0.006408
4868.25 0.006008
4871.00 0.005943
4873.75 0.006469
4876.50 0.006135
4879.25 0.007569
4882.00 0.006891
4884.75 0.007511
4887.50 0.006601
4890.25 0.006402
4893.00 0.007317
4895.75 0.008651
4898.50 0.009105
4901.25 0.008509
4904.00 0.008520
4906.75 0.009203
4909.50 0.009586
4912.25 0.009235
4915.00 0.008579
4917.75 0.008918
4920.50 0.007697
4923.25 0.008470
4926.00 0.009039
4928.75 0.009570
4931.50 0.009401
4934.25 0.008918
4937.00 0.008758
4939.75 0.009052
4942.50 0.008873
4945.25 0.009193
4948.00 0.009812
4950.75 0.010164
4953.50 0.009577
4956.25 0.010478
4959.00 0.012807
4961.75 0.013687
4964.50 0.012656
4967.25 0.011224
4970.00 0.009726
4972.75 0.009740
4975.50 0.009309
4978.25 0.009432
4981.00 0.009466
4983.75 0.009862
4986.50 0.009234
4989.25 0.009911
4992.00 0.010208
4994.75 0.009956
4997.50 0.010026
5000.25 0.010590
5003.00 0.013057
5005.75 0.016997
5008.50 0.022373
5011.25 0.019706
5014.00 0.014388
5016.75 0.010770
5019.50 0.009184
5022.25 0.009327
5025.00 0.008200
5027.75 0.008959
5030.50 0.009181
5033.25 0.009512
5036.00 0.008639
5038.75 0.008503
5041.50 0.008965
5044.25 0.008672
5047.00 0.009145
5049.75 0.009195
5052.50 0.009308
5055.25 0.009435
5058.00 0.009581
5060.75 0.009545
5063.50 0.009616
5066.25 0.009982
5069.00 0.009248
5071.75 0.009611
5074.50 0.009651
5077.25 0.009461
5080.00 0.009357
5082.75 0.009312
5085.50 0.009656
5088.25 0.009418
5091.00 0.010142
5093.75 0.009141
5096.50 0.009370
5099.25 0.009139
5102.00 0.009839
5104.75 0.009469
5107.50 0.010167
5110.25 0.009898
5113.00 0.009119
5115.75 0.009444
5118.50 0.010012
5121.25 0.009819
5124.00 0.009620
5126.75 0.010122
5129.50 0.009669
5132.25 0.009850
5135.00 0.010729
5137.75 0.010152
5140.50 0.009304
5143.25 0.009271
5146.00 0.009834
5148.75 0.010035
5151.50 0.010022
5154.25 0.008743
5157.00 0.009225
5159.75 0.009760
5162.50 0.009509
5165.25 0.009739
5168.00 0.009291
5170.75 0.008005
5173.50 0.008017
5176.25 0.009292
5179.00 0.010255
5181.75 0.009770
5184.50 0.009520
5187.25 0.009002
5190.00 0.008757
5192.75 0.008616
5195.50 0.009771
5198.25 0.010305
5201.00 0.010845
5203.75 0.010696
5206.50 0.009645
5209.25 0.009716
5212.00 0.010289
5214.75 0.010140
5217.50 0.010112
5220.25 0.010223
5223.00 0.011102
5225.75 0.009874
5228.50 0.009929
5231.25 0.010568
5234.00 0.010364
5236.75 0.010705
5239.50 0.010382
5242.25 0.010510
5245.00 0.010551
5247.75 0.010582
5250.50 0.010628
5253.25 0.010543
5256.00 0.010341
5258.75 0.011098
5261.50 0.010899
5264.25 0.009999
5267.00 0.009900
5269.75 0.009160
5272.50 0.009913
5275.25 0.010501
5278.00 0.010985
5280.75 0.010209
5283.50 0.010365
5286.25 0.010607
5289.00 0.010788
5291.75 0.011064
5294.50 0.011417
5297.25 0.011305
5300.00 0.011369
5302.75 0.011363
5305.50 0.010660
5308.25 0.011693
5311.00 0.011215
5313.75 0.010888
5316.50 0.011122
5319.25 0.011028
5322.00 0.010508
5324.75 0.010842
5327.50 0.010709
5330.25 0.010557
5333.00 0.010468
5335.75 0.010805
5338.50 0.010797
5341.25 0.010854
5344.00 0.010970
5346.75 0.010764
5349.50 0.011211
5352.25 0.011170
5355.00 0.011084
5357.75 0.012228
5360.50 0.011486
5363.25 0.011525
5366.00 0.011232
5368.75 0.010874
5371.50 0.010873
5374.25 0.010869
5377.00 0.011124
5379.75 0.010338
5382.50 0.011245
5385.25 0.010850
5388.00 0.010870
5390.75 0.011272
5393.50 0.011639
5396.25 0.011345
5399.00 0.010921
5401.75 0.011474
5404.50 0.010560
5407.25 0.010800
5410.00 0.011062
5412.75 0.010976
5415.50 0.011282
5418.25 0.011500
5421.00 0.011369
5423.75 0.010980
5426.50 0.011465
5429.25 0.011255
5432.00 0.011464
5434.75 0.011185
5437.50 0.011321
5440.25 0.010829
5443.00 0.011934
5445.75 0.011265
5448.50 0.010968
5451.25 0.010717
5454.00 0.011310
5456.75 0.010698
5459.50 0.010793
5462.25 0.011042
5465.00 0.011730
5467.75 0.011737
5470.50 0.012023
5473.25 0.011511
5476.00 0.010810
5478.75 0.011187
5481.50 0.010760
5484.25 0.011149
5487.00 0.011555
5489.75 0.011550
5492.50 0.011743
5495.25 0.011525
5498.00 0.011312
5500.75 0.011820
5503.50 0.011724
5506.25 0.011799
5509.00 0.010952
5511.75 0.011429
5514.50 0.011526
5517.25 0.010999
5520.00 0.012024
5522.75 0.011395
5525.50 0.011289
5528.25 0.010919
5531.00 0.010923
5533.75 0.011603
5536.50 0.011541
5539.25 0.011671
5542.00 0.012141
5544.75 0.011921
5547.50 0.012168
5550.25 0.012287
5553.00 0.011561
5555.75 0.011918
5558.50 0.012369
5561.25 0.011917
5564.00 0.012040
5566.75 0.012073
5569.50 0.012204
5572.25 0.013001
5575.00 0.012848
5577.75 0.013547
5580.50 0.013734
5583.25 0.013369
5586.00 0.013045
5588.75 0.011193
5591.50 0.011506
5594.25 0.012039
5597.00 0.012007
5599.75 0.011849
5602.50 0.011947
5605.25 0.012561
5608.00 0.012732
5610.75 0.012900
5613.50 0.012668
5616.25 0.012770
5619.00 0.012299
5621.75 0.011913
5624.50 0.011901
5627.25 0.012707
5630.00 0.013042
5632.75 0.012206
5635.50 0.013257
5638.25 0.012855
5641.00 0.012809
5643.75 0.012753
5646.50 0.012500
5649.25 0.012210
5652.00 0.013378
5654.75 0.013291
5657.50 0.012621
5660.25 0.013642
5663.00 0.013022
5665.75 0.012140
5668.50 0.012842
5671.25 0.012514
5674.00 0.013110
5676.75 0.013573
5679.50 0.012953
5682.25 0.013610
5685.00 0.012905
5687.75 0.013018
5690.50 0.012618
5693.25 0.013165
5696.00 0.013026
5698.75 0.012677
5701.50 0.012877
5704.25 0.012819
5707.00 0.012834
5709.75 0.012931
5712.50 0.013507
5715.25 0.013851
5718.00 0.013840
5720.75 0.014481
5723.50 0.014250
5726.25 0.013885
5729.00 0.013668
5731.75 0.013698
5734.50 0.013721
5737.25 0.013590
5740.00 0.013633
5742.75 0.013166
5745.50 0.013430
5748.25 0.013714
5751.00 0.013364
5753.75 0.013759
5756.50 0.013516
5759.25 0.014417
5762.00 0.014109
5764.75 0.013417
5767.50 0.014367
5770.25 0.013942
5773.00 0.014612
5775.75 0.013702
5778.50 0.014267
5781.25 0.013470
5784.00 0.013821
5786.75 0.013421
5789.50 0.014007
5792.25 0.013598
5795.00 0.014459
5797.75 0.013687
5800.50 0.013468
5803.25 0.013553
5806.00 0.014122
5808.75 0.013796
5811.50 0.014179
5814.25 0.013986
5817.00 0.014035
5819.75 0.014508
5822.50 0.014158
5825.25 0.014035
5828.00 0.014708
5830.75 0.015357
5833.50 0.014556
5836.25 0.014225
5839.00 0.014190
5841.75 0.013933
5844.50 0.013654
5847.25 0.014292
5850.00 0.013418
5852.75 0.013995
5855.50 0.013480
5858.25 0.013452
5861.00 0.014547
5863.75 0.013553
5866.50 0.013209
5869.25 0.013612
5872.00 0.013021
5874.75 0.014061
5877.50 0.014386
5880.25 0.014090
5883.00 0.013430
5885.75 0.013395
5888.50 0.013034
5891.25 0.012325
5894.00 0.012410
5896.75 0.012346
5899.50 0.012839
5902.25 0.013422
5905.00 0.013936
5907.75 0.013687
5910.50 0.013867
5913.25 0.013255
5916.00 0.013972
5918.75 0.012728
5921.50 0.013571
5924.25 0.013425
5927.00 0.013227
5929.75 0.013563
5932.50 0.013136
5935.25 0.013321
5938.00 0.013949
5940.75 0.013966
5943.50 0.013807
5946.25 0.013482
5949.00 0.013162
5951.75 0.013731
5954.50 0.013493
5957.25 0.013398
5960.00 0.014129
5962.75 0.013886
5965.50 0.013794
5968.25 0.013657
5971.00 0.013755
5973.75 0.013347
5976.50 0.013499
5979.25 0.013775
5982.00 0.014201
5984.75 0.014311
5987.50 0.013883
5990.25 0.013209
5993.00 0.013898
5995.75 0.013602
5998.50 0.013539
6001.25 0.013747
6004.00 0.013865
6006.75 0.013683
6009.50 0.013689
6012.25 0.013764
6015.00 0.014500
6017.75 0.013754
6020.50 0.013316
6023.25 0.013616
6026.00 0.013749
6028.75 0.013839
6031.50 0.013370
6034.25 0.013798
6037.00 0.013269
6039.75 0.014114
6042.50 0.013374
6045.25 0.013761
6048.00 0.014184
6050.75 0.014091
6053.50 0.013563
6056.25 0.014720
6059.00 0.013803
6061.75 0.013991
6064.50 0.013327
6067.25 0.014141
6070.00 0.014525
6072.75 0.014217
6075.50 0.014504
6078.25 0.013715
6081.00 0.013883
6083.75 0.014471
6086.50 0.013865
6089.25 0.013849
6092.00 0.013981
6094.75 0.013574
6097.50 0.013389
6100.25 0.013935
6103.00 0.013812
6105.75 0.013350
6108.50 0.013883
6111.25 0.013327
6114.00 0.013881
6116.75 0.013712
6119.50 0.013596
6122.25 0.013821
6125.00 0.013577
6127.75 0.013637
6130.50 0.013814
6133.25 0.014319
6136.00 0.013577
6138.75 0.013698
6141.50 0.013405
6144.25 0.013669
6147.00 0.014001
6149.75 0.013466
6152.50 0.013996
6155.25 0.013998
6158.00 0.013586
6160.75 0.013063
6163.50 0.013457
6166.25 0.013084
6169.00 0.013452
6171.75 0.013859
6174.50 0.013320
6177.25 0.013858
6180.00 0.014434
6182.75 0.014244
6185.50 0.013865
6188.25 0.014024
6191.00 0.014148
6193.75 0.013954
6196.50 0.014438
6199.25 0.013780
6202.00 0.013501
6204.75 0.014324
6207.50 0.013599
6210.25 0.014129
6213.00 0.013886
6215.75 0.013357
6218.50 0.013586
6221.25 0.014018
6224.00 0.013656
6226.75 0.013178
6229.50 0.013410
6232.25 0.013521
6235.00 0.013640
6237.75 0.013621
6240.50 0.013345
6243.25 0.013197
6246.00 0.013403
6248.75 0.013517
6251.50 0.013576
6254.25 0.013557
6257.00 0.013199
6259.75 0.013050
6262.50 0.013163
6265.25 0.013993
6268.00 0.013263
6270.75 0.013460
6273.50 0.013490
6276.25 0.014315
6279.00 0.013933
6281.75 0.013555
6284.50 0.013267
6287.25 0.013551
6290.00 0.013957
6292.75 0.013718
6295.50 0.013711
6298.25 0.014329
6301.00 0.014858
6303.75 0.014973
6306.50 0.014049
6309.25 0.013979
6312.00 0.013794
6314.75 0.013731
6317.50 0.013398
6320.25 0.013440
6323.00 0.013587
6325.75 0.013906
6328.50 0.014360
6331.25 0.013500
6334.00 0.013335
6336.75 0.013488
6339.50 0.013429
6342.25 0.013670
6345.00 0.013596
6347.75 0.013613
6350.50 0.013997
6353.25 0.014015
6356.00 0.013620
6358.75 0.013668
6361.50 0.013728
6364.25 0.013883
6367.00 0.014009
6369.75 0.014317
6372.50 0.014328
6375.25 0.014379
6378.00 0.014432
6380.75 0.014217
6383.50 0.014130
6386.25 0.014224
6389.00 0.014057
6391.75 0.013859
6394.50 0.013739
6397.25 0.014100
6400.00 0.014031
6402.75 0.013918
6405.50 0.014153
6408.25 0.013905
6411.00 0.014050
6413.75 0.013932
6416.50 0.014230
6419.25 0.014351
6422.00 0.013777
6424.75 0.014254
6427.50 0.014695
6430.25 0.014346
6433.00 0.014881
6435.75 0.014273
6438.50 0.014630
6441.25 0.014735
6444.00 0.014866
6446.75 0.014898
6449.50 0.014805
6452.25 0.014712
6455.00 0.014778
6457.75 0.015022
6460.50 0.014678
6463.25 0.015171
6466.00 0.015226
6468.75 0.015076
6471.50 0.016055
6474.25 0.015487
6477.00 0.015842
6479.75 0.015553
6482.50 0.016082
6485.25 0.015735
6488.00 0.016039
6490.75 0.016651
6493.50 0.016536
6496.25 0.015932
6499.00 0.016131
6501.75 0.016245
6504.50 0.016618
6507.25 0.016854
6510.00 0.017112
6512.75 0.017325
6515.50 0.017475
6518.25 0.017664
6521.00 0.018112
6523.75 0.018048
6526.50 0.018352
6529.25 0.018546
6532.00 0.018646
6534.75 0.018512
6537.50 0.018934
6540.25 0.019409
6543.00 0.019715
6545.75 0.020466
6548.50 0.022472
6551.25 0.022642
6554.00 0.022040
6556.75 0.021259
6559.50 0.021412
6562.25 0.024135
6565.00 0.025697
6567.75 0.024852
6570.50 0.021593
6573.25 0.019592
6576.00 0.019236
6578.75 0.019674
6581.50 0.022117
6584.25 0.025234
6587.00 0.025403
6589.75 0.023054
6592.50 0.020026
6595.25 0.018367
6598.00 0.018255
6600.75 0.017626
6603.50 0.017850
6606.25 0.017671
6609.00 0.017257
6611.75 0.017133
6614.50 0.017110
6617.25 0.016544
6620.00 0.017129
6622.75 0.017267
6625.50 0.016904
6628.25 0.017053
6631.00 0.016832
6633.75 0.016820
6636.50 0.016577
6639.25 0.016034
6642.00 0.016042
6644.75 0.015814
6647.50 0.015792
6650.25 0.016094
6653.00 0.015609
6655.75 0.015542
6658.50 0.015543
6661.25 0.015478
6664.00 0.015454
6666.75 0.015262
6669.50 0.015261
6672.25 0.015647
6675.00 0.015444
6677.75 0.015355
6680.50 0.015225
6683.25 0.014833
6686.00 0.015064
6688.75 0.014802
6691.50 0.015194
6694.25 0.015494
6697.00 0.015146
6699.75 0.015035
6702.50 0.014491
6705.25 0.014751
6708.00 0.015023
6710.75 0.015015
6713.50 0.015556
6716.25 0.016162
6719.00 0.016967
6721.75 0.016352
6724.50 0.015338
6727.25 0.014992
6730.00 0.016043
6732.75 0.016445
6735.50 0.016568
6738.25 0.015545
6741.00 0.015094
6743.75 0.014582
6746.50 0.014331
6749.25 0.014654
6752.00 0.014767
6754.75 0.014276
6757.50 0.014298
6760.25 0.014316
6763.00 0.014488
6765.75 0.014377
6768.50 0.014287
6771.25 0.014327
6774.00 0.013992
6776.75 0.014401
6779.50 0.014685
6782.25 0.014401
6785.00 0.014170
6787.75 0.014315
6790.50 0.014460
6793.25 0.013839
6796.00 0.014179
6798.75 0.014138
6801.50 0.013896
6804.25 0.014333
6807.00 0.014228
6809.75 0.014553
6812.50 0.014384
6815.25 0.014079
6818.00 0.014686
6820.75 0.014328
6823.50 0.014410
6826.25 0.014176
6829.00 0.014683
6831.75 0.014767
6834.50 0.014486
6837.25 0.014523
6840.00 0.014564
6842.75 0.014401
6845.50 0.013852
6848.25 0.014389
6851.00 0.014384
6853.75 0.014199
6856.50 0.014206
6859.25 0.014219
6862.00 0.014492
6864.75 0.013836
6867.50 0.014144
6870.25 0.014793
6873.00 0.014613
6875.75 0.014263
6878.50 0.014589
6881.25 0.014739
6884.00 0.014357
6886.75 0.014528
6889.50 0.014332
6892.25 0.014221
6895.00 0.014524
6897.75 0.014167
6900.50 0.014838
6903.25 0.014573
6906.00 0.014482
6908.75 0.014440
6911.50 0.014673
6914.25 0.014382
6917.00 0.014443
6919.75 0.014348
6922.50 0.014413
6925.25 0.014465
6928.00 0.014279
6930.75 0.014430
6933.50 0.014467
6936.25 0.014561
6939.00 0.014688
6941.75 0.014491
6944.50 0.014821
6947.25 0.014476
6950.00 0.014302
6952.75 0.014514
6955.50 0.014369
6958.25 0.014315
6961.00 0.014651
6963.75 0.014873
6966.50 0.014621
6969.25 0.014559
6972.00 0.014689
6974.75 0.014906
6977.50 0.014571
6980.25 0.014418
6983.00 0.014652
6985.75 0.014957
6988.50 0.015127
6991.25 0.014708
6994.00 0.015100
6996.75 0.014883
6999.50 0.014979
7002.25 0.014745
7005.00 0.015468
7007.75 0.015048
7010.50 0.014485
7013.25 0.014415
7016.00 0.014645
7018.75 0.014720
7021.50 0.014864
7024.25 0.014868
7027.00 0.015186
7029.75 0.015123
7032.50 0.015108
7035.25 0.015085
7038.00 0.015657
7040.75 0.015507
7043.50 0.015915
7046.25 0.016173
7049.00 0.016015
7051.75 0.015675
7054.50 0.015475
7057.25 0.015346
7060.00 0.015928
7062.75 0.015476
7065.50 0.015745
7068.25 0.015950
7071.00 0.015389
7073.75 0.015622
7076.50 0.015691
7079.25 0.015720
7082.00 0.015288
7084.75 0.015222
7087.50 0.015068
7090.25 0.014731
7093.00 0.015108
7095.75 0.015038
7098.50 0.015359
7101.25 0.014794
7104.00 0.015185
7106.75 0.015351
7109.50 0.015341
7112.25 0.015109
7115.00 0.014914
7117.75 0.015229
7120.50 0.014942
7123.25 0.014982
7126.00 0.014794
7128.75 0.015058
7131.50 0.015238
7134.25 0.015253
7137.00 0.015554
7139.75 0.015462
7142.50 0.015238
7145.25 0.015321
7148.00 0.015315
7150.75 0.014856
7153.50 0.015450
7156.25 0.015705
7159.00 0.015687
7161.75 0.015354
7164.50 0.015737
7167.25 0.015725
7170.00 0.015538
7172.75 0.015746
7175.50 0.016113
7178.25 0.015649
7181.00 0.016081
7183.75 0.015663
7186.50 0.015727
7189.25 0.015813
7192.00 0.016024
7194.75 0.016008
7197.50 0.015996
7200.25 0.016065
7203.00 0.015301
7205.75 0.016119
7208.50 0.015333
7211.25 0.016150
7214.00 0.015750
7216.75 0.015866
7219.50 0.015932
7222.25 0.015851
7225.00 0.016172
7227.75 0.016281
7230.50 0.015879
7233.25 0.015554
7236.00 0.016018
7238.75 0.015717
7241.50 0.015772
7244.25 0.016055
7247.00 0.015835
7249.75 0.016212
7252.50 0.016126
7255.25 0.015838
7258.00 0.016062
7260.75 0.016165
7263.50 0.016436
7266.25 0.016120
7269.00 0.016117
7271.75 0.015822
7274.50 0.015930
7277.25 0.015631
7280.00 0.015737
7282.75 0.015820
7285.50 0.015707
7288.25 0.015815
7291.00 0.016085
7293.75 0.016114
7296.50 0.016152
7299.25 0.016189
7302.00 0.016195
7304.75 0.015991
7307.50 0.016241
7310.25 0.016064
7313.00 0.016488
7315.75 0.016542
7318.50 0.016590
7321.25 0.016605
7324.00 0.016725
7326.75 0.016361
7329.50 0.016391
7332.25 0.016551
7335.00 0.016520
7337.75 0.016571
7340.50 0.016802
7343.25 0.016425
7346.00 0.016641
7348.75 0.016384
7351.50 0.016572
7354.25 0.016293
7357.00 0.016281
7359.75 0.015996
7362.50 0.016428
7365.25 0.016340
7368.00 0.016111
7370.75 0.016446
7373.50 0.016411
7376.25 0.016850
7379.00 0.016137
7381.75 0.016664
7384.50 0.016811
7387.25 0.015970
7390.00 0.016505
7392.75 0.016277
7395.50 0.016202
7398.25 0.016364
7401.00 0.016470
7403.75 0.016215
7406.50 0.016618
7409.25 0.016614
7412.00 0.016466
7414.75 0.016275
7417.50 0.016102
7420.25 0.016051
7423.00 0.015798
7425.75 0.016225
7428.50 0.015847
7431.25 0.016006
7434.00 0.016196
7436.75 0.016162
7439.50 0.016341
7442.25 0.016246
7445.00 0.016727
7447.75 0.016220
7450.50 0.016616
7453.25 0.016498
7456.00 0.016762
7458.75 0.016800
7461.50 0.016420
7464.25 0.016324
7467.00 0.016242
7469.75 0.016557
7472.50 0.016566
7475.25 0.016766
7478.00 0.016660
7480.75 0.016259
7483.50 0.016561
7486.25 0.016550
7489.00 0.016487
7491.75 0.016313
7494.50 0.016082
7497.25 0.016688
7500.00 0.016354
7502.75 0.016088
7505.50 0.016323
7508.25 0.016419
7511.00 0.016213
7513.75 0.015553
7516.50 0.016072
7519.25 0.016755
7522.00 0.016609
7524.75 0.016131
7527.50 0.015933
7530.25 0.016060
7533.00 0.016130
7535.75 0.015971
7538.50 0.015584
7541.25 0.016052
7544.00 0.016171
7546.75 0.016169
7549.50 0.015761
7552.25 0.016529
7555.00 0.015709
7557.75 0.015849
7560.50 0.015589
7563.25 0.015945
7566.00 0.015786
7568.75 0.015997
7571.50 0.015950
7574.25 0.015838
7577.00 0.016035
7579.75 0.016230
7582.50 0.016167
7585.25 0.016156
7588.00 0.016097
7590.75 0.015668
7593.50 0.015544
7596.25 0.015797
7599.00 0.015763
7601.75 0.015807
7604.50 0.015391
7607.25 0.015854
7610.00 0.016356
7612.75 0.015939
7615.50 0.015101
7618.25 0.015375
7621.00 0.015739
7623.75 0.016294
7626.50 0.015575
7629.25 0.015676
7632.00 0.015495
7634.75 0.015873
7637.50 0.015857
7640.25 0.015739
7643.00 0.015365
7645.75 0.016047
7648.50 0.015708
7651.25 0.015914
7654.00 0.015701
7656.75 0.015496
7659.50 0.015831
7662.25 0.015609
7665.00 0.015440
7667.75 0.014744
7670.50 0.015354
7673.25 0.015606
7676.00 0.015784
7678.75 0.015489
7681.50 0.015708
7684.25 0.016068
7687.00 0.016214
7689.75 0.015452
7692.50 0.015915
7695.25 0.016297
7698.00 0.016080
7700.75 0.015503
7703.50 0.015992
7706.25 0.016024
7709.00 0.016428
7711.75 0.016206
7714.50 0.015851
7717.25 0.016166
7720.00 0.015892
7722.75 0.017036
7725.50 0.015776
7728.25 0.015414
7731.00 0.015580
7733.75 0.015983
7736.50 0.015826
7739.25 0.015459
7742.00 0.015646
7744.75 0.015505
7747.50 0.015516
7750.25 0.015261
7753.00 0.015440
7755.75 0.015747
7758.50 0.015489
7761.25 0.015663
7764.00 0.015489
7766.75 0.016764
7769.50 0.016229
7772.25 0.016063
7775.00 0.016206
7777.75 0.016342
7780.50 0.016623
7783.25 0.016039
7786.00 0.016619
7788.75 0.016739
7791.50 0.016923
7794.25 0.017205
7797.00 0.016731
7799.75 0.016968
7802.50 0.017133
7805.25 0.017690
7808.00 0.018689
7810.75 0.017736
7813.50 0.018813
7816.25 0.017999
7819.00 0.019174
7821.75 0.017761
7824.50 0.018912
7827.25 0.018914
7830.00 0.017976
7832.75 0.018603
7835.50 0.018142
7838.25 0.018629
7841.00 0.017811
7843.75 0.017983
7846.50 0.018110
7849.25 0.018012
7852.00 0.018164
7854.75 0.017685
7857.50 0.018440
7860.25 0.017987
7863.00 0.018871
7865.75 0.019344
7868.50 0.019209
7871.25 0.019082
7874.00 0.018613
7876.75 0.017862
7879.50 0.017770
7882.25 0.017547
7885.00 0.019061
7887.75 0.017634
7890.50 0.017338
7893.25 0.018501
7896.00 0.017431
7898.75 0.016889
7901.50 0.017556
7904.25 0.017172
7907.00 0.017735
7909.75 0.018302
7912.50 0.017779
7915.25 0.016951
7918.00 0.018953
7920.75 0.017524
7923.50 0.016623
7926.25 0.017290
7929.00 0.017256
7931.75 0.016244
7934.50 0.016839
7937.25 0.017608
7940.00 0.016356
7942.75 0.017231
7945.50 0.016888
7948.25 0.017622
7951.00 0.017024
7953.75 0.016500
7956.50 0.016981
7959.25 0.016595
7962.00 0.016769
7964.75 0.016941
7967.50 0.016907
7970.25 0.016858
7973.00 0.016137
7975.75 0.016857
7978.50 0.016453
7981.25 0.016421
7984.00 0.017496
7986.75 0.017628
7989.50 0.016272
7992.25 0.016438
7995.00 0.015931
7997.75 0.017375
