900.00 -0.033164
902.75 -0.015889
905.50 -0.019575
908.25 -0.018223
911.00 0.009819
913.75 -0.001672
916.50 -0.008796
919.25 -0.029796
922.00 -0.008871
924.75 -0.018676
927.50 0.001049
930.25 -0.004398
933.00 0.002541
935.75 0.011186
938.50 0.032212
941.25 -0.016484
944.00 0.043032
946.75 0.022231
949.50 0.011346
952.25 0.012884
955.00 0.005428
957.75 -0.016499
960.50 -0.039789
963.25 -0.025627
966.00 0.022131
968.75 0.033935
971.50 0.051309
974.25 0.056568
977.00 0.018002
979.75 0.053621
982.50 0.068388
985.25 0.009780
988.00 0.051146
990.75 0.003683
993.50 -0.005207
996.25 -0.012751
999.00 -0.031969
1001.75 -0.024858
1004.50 -0.027357
1007.25 -0.047674
1010.00 -0.038533
1012.75 -0.021972
1015.50 -0.000395
1018.25 -0.009929
1021.00 -0.010126
1023.75 0.045395
1026.50 0.150021
1029.25 0.198365
1032.00 0.238096
1034.75 0.239583
1037.50 0.233996
1040.25 0.118430
1043.00 0.057116
1045.75 0.021843
1048.50 0.018397
1051.25 0.022849
1054.00 0.009789
1056.75 0.035375
1059.50 0.032040
1062.25 0.038152
1065.00 -0.008817
1067.75 0.033182
1070.50 0.021035
1073.25 0.027832
1076.00 0.024504
1078.75 0.007064
1081.50 0.002043
1084.25 0.011279
1087.00 0.001628
1089.75 -0.002739
1092.50 -0.012090
1095.25 0.000696
1098.00 -0.001806
1100.75 -0.004796
1103.50 -0.013360
1106.25 -0.020132
1109.00 -0.006791
1111.75 -0.004525
1114.50 -0.033197
1117.25 0.002248
1120.00 0.016570
1122.75 -0.006450
1125.50 -0.003324
1128.25 0.001993
1131.00 -0.027341
1133.75 -0.007515
1136.50 0.009142
1139.25 -0.039960
1142.00 -0.027719
1144.75 -0.022727
1147.50 -0.024083
1150.25 -0.035751
1153.00 -0.047948
1155.75 -0.030541
1158.50 -0.027373
1161.25 -0.042371
1164.00 -0.034530
1166.75 -0.039528
1169.50 -0.042792
1172.25 -0.057032
1175.00 -0.071594
1177.75 -0.098254
1180.50 -0.109050
1183.25 -0.105091
1186.00 -0.072661
1188.75 -0.104994
1191.50 -0.140384
1194.25 -0.155475
1197.00 -0.175963
1199.75 -0.177655
1202.50 -0.176096
1205.25 -0.154422
1208.00 -0.029447
1210.75 0.012664
1213.50 0.168101
1216.25 -0.017202
1219.00 -0.110908
1221.75 -0.102436
1224.50 -0.078501
1227.25 -0.051291
1230.00 0.010477
1232.75 0.087494
1235.50 0.148851
1238.25 0.164575
1241.00 0.129153
1243.75 0.084473
1246.50 0.061202
1249.25 0.044589
1252.00 0.035171
1254.75 0.031048
1257.50 0.023877
1260.25 0.022932
1263.00 0.026235
1265.75 0.016375
1268.50 0.015991
1271.25 0.017011
1274.00 0.010266
1276.75 0.009012
1279.50 0.006360
1282.25 0.006769
1285.00 0.003946
1287.75 -0.000832
1290.50 0.003130
1293.25 0.004130
1296.00 0.004927
1298.75 0.008711
1301.50 0.007979
1304.25 0.006293
1307.00 0.006055
1309.75 0.004130
1312.50 -0.001523
1315.25 -0.001563
1318.00 -0.001862
1320.75 -0.003854
1323.50 -0.001239
1326.25 0.000242
1329.00 0.002027
1331.75 0.003065
1334.50 -0.002131
1337.25 -0.002012
1340.00 -0.004176
1342.75 -0.005075
1345.50 -0.005266
1348.25 -0.008675
1351.00 -0.011744
1353.75 -0.012809
1356.50 -0.017677
1359.25 -0.016074
1362.00 -0.017517
1364.75 -0.019484
1367.50 -0.022173
1370.25 -0.021085
1373.00 -0.021091
1375.75 -0.021063
1378.50 -0.020456
1381.25 -0.014249
1384.00 -0.006223
1386.75 0.000643
1389.50 0.009315
1392.25 0.015399
1395.00 0.020265
1397.75 0.021247
1400.50 0.022469
1403.25 0.018767
1406.00 0.012396
1408.75 0.010805
1411.50 0.008412
1414.25 0.005888
1417.00 0.002891
1419.75 0.001883
1422.50 0.000105
1425.25 -0.000363
1428.00 -0.001014
1430.75 -0.001830
1433.50 0.000732
1436.25 -0.003275
1439.00 -0.005561
1441.75 -0.006074
1444.50 -0.005762
1447.25 -0.008391
1450.00 -0.007910
1452.75 -0.009384
1455.50 -0.010309
1458.25 -0.008542
1461.00 -0.008195
1463.75 -0.008249
1466.50 -0.011321
1469.25 -0.011100
1472.00 -0.009885
1474.75 -0.011801
1477.50 -0.012378
1480.25 -0.013990
1483.00 -0.016182
1485.75 -0.017967
1488.50 -0.020336
1491.25 -0.023067
1494.00 -0.024737
1496.75 -0.029225
1499.50 -0.030889
1502.25 -0.035531
1505.00 -0.035807
1507.75 -0.035807
1510.50 -0.032376
1513.25 -0.032414
1516.00 -0.033669
1518.75 -0.036713
1521.50 -0.037178
1524.25 -0.034460
1527.00 -0.035772
1529.75 -0.029267
1532.50 -0.024176
1535.25 -0.012652
1538.00 0.010005
1540.75 0.040110
1543.50 0.066763
1546.25 0.072883
1549.00 0.063370
1551.75 0.028868
1554.50 0.002773
1557.25 0.001790
1560.00 -0.000183
1562.75 -0.000670
1565.50 -0.001837
1568.25 -0.002229
1571.00 -0.003680
1573.75 -0.004228
1576.50 -0.004845
1579.25 -0.005496
1582.00 -0.005645
1584.75 -0.007397
1587.50 -0.007422
1590.25 -0.007663
1593.00 -0.008439
1595.75 -0.007871
1598.50 -0.008881
1601.25 -0.008470
1604.00 -0.008133
1606.75 -0.007135
1609.50 -0.006500
1612.25 -0.007671
1615.00 -0.007885
1617.75 -0.006946
1620.50 -0.007249
1623.25 -0.007317
1626.00 -0.006498
1628.75 -0.006629
1631.50 -0.006914
1634.25 -0.006445
1637.00 -0.007145
1639.75 -0.006872
1642.50 -0.007448
1645.25 -0.006779
1648.00 -0.007332
1650.75 -0.008536
1653.50 -0.007531
1656.25 -0.007626
1659.00 -0.008388
1661.75 -0.007905
1664.50 -0.008764
1667.25 -0.009066
1670.00 -0.009359
1672.75 -0.010084
1675.50 -0.010175
1678.25 -0.009904
1681.00 -0.010295
1683.75 -0.010881
1686.50 -0.010573
1689.25 -0.011606
1692.00 -0.011300
1694.75 -0.012072
1697.50 -0.011863
1700.25 -0.011295
1703.00 -0.011308
1705.75 -0.012196
1708.50 -0.012282
1711.25 -0.011898
1714.00 -0.011957
1716.75 -0.011644
1719.50 -0.010388
1722.25 -0.011497
1725.00 -0.011284
1727.75 -0.011822
1730.50 -0.011369
1733.25 -0.011951
1736.00 -0.011379
1738.75 -0.010907
1741.50 -0.011798
1744.25 -0.010640
1747.00 -0.010265
1749.75 -0.009673
1752.50 -0.009847
1755.25 -0.010397
1758.00 -0.010325
1760.75 -0.011031
1763.50 -0.011083
1766.25 -0.010785
1769.00 -0.010491
1771.75 -0.010652
1774.50 -0.011059
1777.25 -0.011282
1780.00 -0.011509
1782.75 -0.010932
1785.50 -0.010905
1788.25 -0.011066
1791.00 -0.010838
1793.75 -0.011253
1796.50 -0.010810
1799.25 -0.010632
1802.00 -0.010270
1804.75 -0.010789
1807.50 -0.011186
1810.25 -0.010562
1813.00 -0.011256
1815.75 -0.010976
1818.50 -0.010776
1821.25 -0.011431
1824.00 -0.011038
1826.75 -0.011240
1829.50 -0.011094
1832.25 -0.010439
1835.00 -0.010714
1837.75 -0.009817
1840.50 -0.009653
1843.25 -0.008853
1846.00 -0.009275
1848.75 -0.008005
1851.50 -0.007837
1854.25 -0.007800
1857.00 -0.007543
1859.75 -0.007295
1862.50 -0.007490
1865.25 -0.008032
1868.00 -0.007913
1870.75 -0.008477
1873.50 -0.008195
1876.25 -0.007846
1879.00 -0.007517
1881.75 -0.007911
1884.50 -0.007496
1887.25 -0.007346
1890.00 -0.006760
1892.75 -0.006960
1895.50 -0.007018
1898.25 -0.007400
1901.00 -0.007526
1903.75 -0.008013
1906.50 -0.007023
1909.25 -0.007080
1912.00 -0.007432
1914.75 -0.008035
1917.50 -0.007581
1920.25 -0.007406
1923.00 -0.008024
1925.75 -0.007664
1928.50 -0.007670
1931.25 -0.007995
1934.00 -0.008211
1936.75 -0.008090
1939.50 -0.008057
1942.25 -0.007701
1945.00 -0.008115
1947.75 -0.008055
1950.50 -0.007917
1953.25 -0.008030
1956.00 -0.007847
1958.75 -0.008044
1961.50 -0.007998
1964.25 -0.007970
1967.00 -0.008022
1969.75 -0.008394
1972.50 -0.008447
1975.25 -0.008112
1978.00 -0.008148
1980.75 -0.007863
1983.50 -0.007730
1986.25 -0.007888
1989.00 -0.008051
1991.75 -0.007577
1994.50 -0.007634
1997.25 -0.007856
2000.00 -0.007778
2002.75 -0.007838
2005.50 -0.008128
2008.25 -0.008033
2011.00 -0.008059
2013.75 -0.007794
2016.50 -0.007337
2019.25 -0.007452
2022.00 -0.007401
2024.75 -0.007537
2027.50 -0.006926
2030.25 -0.007161
2033.00 -0.007254
2035.75 -0.006927
2038.50 -0.006597
2041.25 -0.006682
2044.00 -0.006515
2046.75 -0.006172
2049.50 -0.006300
2052.25 -0.006011
2055.00 -0.005946
2057.75 -0.005406
2060.50 -0.005798
2063.25 -0.005375
2066.00 -0.005522
2068.75 -0.005273
2071.50 -0.005479
2074.25 -0.005513
2077.00 -0.005299
2079.75 -0.005230
2082.50 -0.005235
2085.25 -0.005152
2088.00 -0.005808
2090.75 -0.005067
2093.50 -0.005024
2096.25 -0.005262
2099.00 -0.005090
2101.75 -0.005072
2104.50 -0.005280
2107.25 -0.005158
2110.00 -0.005457
2112.75 -0.005370
2115.50 -0.005298
2118.25 -0.005027
2121.00 -0.005235
2123.75 -0.004892
2126.50 -0.005014
2129.25 -0.004785
2132.00 -0.004879
2134.75 -0.004761
2137.50 -0.004310
2140.25 -0.004815
2143.00 -0.004194
2145.75 -0.004648
2148.50 -0.004556
2151.25 -0.004594
2154.00 -0.004311
2156.75 -0.004751
2159.50 -0.004214
2162.25 -0.004546
2165.00 -0.004125
2167.75 -0.004234
2170.50 -0.004313
2173.25 -0.004054
2176.00 -0.004405
2178.75 -0.004328
2181.50 -0.004246
2184.25 -0.004455
2187.00 -0.004429
2189.75 -0.004695
2192.50 -0.005390
2195.25 -0.004747
2198.00 -0.004595
2200.75 -0.004929
2203.50 -0.004667
2206.25 -0.004390
2209.00 -0.004125
2211.75 -0.003788
2214.50 -0.004467
2217.25 -0.004227
2220.00 -0.003975
2222.75 -0.003937
2225.50 -0.003782
2228.25 -0.004171
2231.00 -0.003911
2233.75 -0.003616
2236.50 -0.003957
2239.25 -0.003858
2242.00 -0.004284
2244.75 -0.004093
2247.50 -0.004263
2250.25 -0.004075
2253.00 -0.003943
2255.75 -0.003876
2258.50 -0.003909
2261.25 -0.003971
2264.00 -0.004077
2266.75 -0.004126
2269.50 -0.003851
2272.25 -0.003888
2275.00 0.000560
2277.75 -0.002184
2280.50 -0.003570
2283.25 -0.003566
2286.00 -0.003798
2288.75 -0.003679
2291.50 -0.003806
2294.25 -0.003626
2297.00 -0.003604
2299.75 -0.003959
2302.50 -0.003725
2305.25 -0.003965
2308.00 -0.003897
2310.75 -0.004062
2313.50 -0.004493
2316.25 -0.003962
2319.00 -0.004252
2321.75 -0.004318
2324.50 -0.003896
2327.25 -0.003632
2330.00 -0.003925
2332.75 -0.004721
2335.50 -0.004513
2338.25 -0.004397
2341.00 -0.004117
2343.75 -0.004218
2346.50 -0.004033
2349.25 -0.003897
2352.00 -0.004383
2354.75 -0.004493
2357.50 -0.003855
2360.25 -0.004130
2363.00 -0.003334
2365.75 -0.003895
2368.50 -0.004085
2371.25 -0.003649
2374.00 -0.003776
2376.75 -0.003659
2379.50 -0.004012
2382.25 -0.003858
2385.00 -0.003527
2387.75 -0.003983
2390.50 -0.004263
2393.25 -0.004220
2396.00 -0.003958
2398.75 -0.003420
2401.50 -0.003482
2404.25 -0.003178
2407.00 -0.003429
2409.75 -0.003354
2412.50 -0.003085
2415.25 -0.003021
2418.00 -0.003238
2420.75 -0.002420
2423.50 -0.002818
2426.25 -0.002842
2429.00 -0.003051
2431.75 -0.003454
2434.50 -0.003389
2437.25 -0.003236
2440.00 -0.003457
2442.75 -0.003905
2445.50 -0.003107
2448.25 -0.003475
2451.00 -0.003788
2453.75 -0.003166
2456.50 -0.002876
2459.25 -0.003357
2462.00 -0.002742
2464.75 -0.003341
2467.50 -0.002766
2470.25 -0.002869
2473.00 -0.002941
2475.75 -0.002794
2478.50 -0.002760
2481.25 -0.002788
2484.00 -0.002783
2486.75 -0.002821
2489.50 -0.002894
2492.25 -0.002973
2495.00 -0.002977
2497.75 -0.002505
2500.50 -0.002423
2503.25 -0.002838
2506.00 -0.002509
2508.75 -0.002396
2511.50 -0.002480
2514.25 -0.002101
2517.00 -0.002435
2519.75 -0.002409
2522.50 -0.002169
2525.25 -0.002240
2528.00 -0.002518
2530.75 -0.002760
2533.50 -0.001751
2536.25 -0.002531
2539.00 -0.001833
2541.75 -0.002047
2544.50 -0.002359
2547.25 -0.001799
2550.00 -0.001872
2552.75 -0.002671
2555.50 -0.002228
2558.25 -0.001786
2561.00 -0.002543
2563.75 -0.002121
2566.50 -0.001783
2569.25 -0.002327
2572.00 -0.002835
2574.75 -0.002684
2577.50 -0.002497
2580.25 -0.002162
2583.00 -0.002224
2585.75 -0.002104
2588.50 -0.001983
2591.25 -0.002212
2594.00 -0.002034
2596.75 -0.002372
2599.50 -0.002257
2602.25 -0.002230
2605.00 -0.002444
2607.75 -0.001951
2610.50 -0.001948
2613.25 -0.002287
2616.00 -0.002271
2618.75 -0.002423
2621.50 -0.002439
2624.25 -0.002036
2627.00 -0.001796
2629.75 -0.001619
2632.50 -0.001579
2635.25 -0.001696
2638.00 -0.001101
2640.75 -0.001127
2643.50 -0.001397
2646.25 -0.000979
2649.00 -0.001169
2651.75 -0.001519
2654.50 -0.001212
2657.25 -0.001481
2660.00 -0.001356
2662.75 -0.000884
2665.50 -0.001097
2668.25 -0.000951
2671.00 -0.000801
2673.75 -0.000856
2676.50 -0.001434
2679.25 -0.001548
2682.00 -0.001469
2684.75 -0.001547
2687.50 -0.001776
2690.25 -0.001611
2693.00 -0.001704
2695.75 -0.000984
2698.50 -0.001039
2701.25 -0.001852
2704.00 -0.001325
2706.75 -0.001836
2709.50 -0.002180
2712.25 -0.001861
2715.00 -0.001636
2717.75 -0.001185
2720.50 -0.001172
2723.25 -0.001151
2726.00 -0.001333
2728.75 -0.001180
2731.50 -0.001268
2734.25 -0.001828
2737.00 -0.001728
2739.75 -0.001317
2742.50 -0.002016
2745.25 -0.001405
2748.00 -0.001401
2750.75 -0.000147
2753.50 -0.000604
2756.25 -0.001744
2759.00 -0.001267
2761.75 -0.000755
2764.50 -0.000500
2767.25 -0.001515
2770.00 -0.001624
2772.75 0.000092
2775.50 -0.000578
2778.25 -0.002104
2781.00 -0.001735
2783.75 -0.001990
2786.50 -0.001930
2789.25 -0.002242
2792.00 -0.002673
2794.75 -0.001445
2797.50 -0.000666
2800.25 -0.001533
2803.00 -0.000831
2805.75 0.000441
2808.50 -0.001810
2811.25 -0.001113
2814.00 -0.001041
2816.75 -0.001191
2819.50 -0.001595
2822.25 -0.001579
2825.00 -0.001963
2827.75 -0.001238
2830.50 -0.001262
2833.25 -0.001958
2836.00 -0.001249
2838.75 -0.001764
2841.50 -0.001334
2844.25 -0.001071
2847.00 -0.000597
2849.75 0.000235
2852.50 -0.000943
2855.25 0.000044
2858.00 -0.000628
2860.75 -0.000909
2863.50 -0.001235
2866.25 -0.000040
2869.00 -0.000806
2871.75 -0.000558
2874.50 -0.001638
2877.25 -0.002464
2880.00 -0.000382
2882.75 -0.000025
2885.50 -0.000775
2888.25 -0.000391
2891.00 -0.000733
2893.75 -0.002527
2896.50 -0.001875
2899.25 -0.000329
2902.00 -0.000646
2904.75 0.000834
2907.50 -0.003534
2910.25 -0.001988
2913.00 -0.000320
2915.75 -0.001929
2918.50 -0.002676
2921.25 -0.001264
2924.00 -0.000847
2926.75 -0.001665
2929.50 0.000359
2932.25 -0.001164
2935.00 -0.000632
2937.75 -0.001643
2940.50 -0.001236
2943.25 -0.002107
2946.00 -0.000710
2948.75 -0.000690
2951.50 0.000081
2954.25 0.000533
2957.00 0.001740
2959.75 -0.000308
2962.50 0.000182
2965.25 0.000561
2968.00 0.000133
2970.75 0.000331
2973.50 -0.001059
2976.25 -0.000912
2979.00 -0.001123
2981.75 -0.000424
2984.50 -0.000582
2987.25 0.001197
2990.00 0.000781
2992.75 -0.001219
2995.50 -0.001736
2998.25 -0.000076
3001.00 -0.000686
3003.75 -0.001350
3006.50 -0.000198
3009.25 -0.001881
3012.00 -0.000045
3014.75 -0.000759
3017.50 -0.000963
3020.25 -0.000318
3023.00 -0.002570
3025.75 -0.001306
3028.50 -0.000412
3031.25 -0.001015
3034.00 -0.001535
3036.75 -0.000559
3039.50 -0.001334
3042.25 -0.000163
3045.00 0.000438
3047.75 -0.000917
3050.50 -0.001147
3053.25 -0.000541
3056.00 -0.001321
3058.75 -0.000786
3061.50 -0.000446
3064.25 0.000992
3067.00 -0.001978
3069.75 -0.000114
3072.50 0.000101
3075.25 -0.001141
3078.00 0.000426
3080.75 -0.000675
3083.50 -0.000125
3086.25 0.000725
3089.00 0.000108
3091.75 -0.000541
3094.50 0.000082
3097.25 -0.001244
3100.00 -0.001389
3102.75 -0.000290
3105.50 -0.001557
3108.25 0.001442
3111.00 0.001711
3113.75 0.001276
3116.50 -0.000373
3119.25 0.000648
3122.00 0.001254
3124.75 0.000431
3127.50 0.001825
3130.25 0.002034
3133.00 0.001442
3135.75 0.002925
3138.50 0.001001
3141.25 0.000728
3144.00 0.001990
3146.75 0.000995
3149.50 0.000765
3152.25 -0.000226
3155.00 0.000093
3157.75 0.000729
3160.50 0.001693
3163.25 0.000189
3166.00 0.000826
3168.75 0.001724
3171.50 0.000681
3174.25 0.001174
3177.00 0.002005
3179.75 0.003767
3182.50 0.002468
3185.25 0.004318
3188.00 0.003844
3190.75 0.004995
3193.50 0.003880
3196.25 0.003593
3199.00 0.001968
3201.75 0.001815
3204.50 0.002466
3207.25 0.001753
3210.00 0.001075
3212.75 0.001752
3215.50 0.001773
3218.25 0.000526
3221.00 0.001198
3223.75 0.002167
3226.50 0.000562
3229.25 0.001291
3232.00 0.000939
3234.75 0.000196
3237.50 0.001108
3240.25 0.001179
3243.00 0.001493
3245.75 0.002206
3248.50 0.001974
3251.25 0.004384
3254.00 0.002014
3256.75 0.004988
3259.50 0.001946
3262.25 0.002350
3265.00 0.001213
3267.75 0.003087
3270.50 0.001750
3273.25 0.001305
3276.00 0.002814
3278.75 0.002296
3281.50 0.004447
3284.25 0.004861
3287.00 0.002734
3289.75 0.005884
3292.50 0.003074
3295.25 0.003279
3298.00 0.003118
3300.75 0.003324
3303.50 0.002922
3306.25 0.001797
3309.00 0.002314
3311.75 0.003902
3314.50 0.000064
3317.25 0.002706
3320.00 0.002170
3322.75 0.002424
3325.50 0.002715
3328.25 0.003025
3331.00 0.002657
3333.75 0.003413
3336.50 0.003155
3339.25 0.004707
3342.00 0.003631
3344.75 0.006058
3347.50 0.005967
3350.25 0.005154
3353.00 0.003908
3355.75 0.007308
3358.50 0.006649
3361.25 0.005158
3364.00 0.003847
3366.75 0.004704
3369.50 0.003790
3372.25 0.004674
3375.00 0.005372
3377.75 0.006333
3380.50 0.004928
3383.25 0.005418
3386.00 0.005241
3388.75 0.004906
3391.50 0.003768
3394.25 0.004501
3397.00 0.005669
3399.75 0.004413
3402.50 0.005632
3405.25 0.003767
3408.00 0.005322
3410.75 0.005698
3413.50 0.005832
3416.25 0.005909
3419.00 0.005907
3421.75 0.008972
3424.50 0.008935
3427.25 0.007208
3430.00 0.006168
3432.75 0.006421
3435.50 0.006800
3438.25 0.006885
3441.00 0.007715
3443.75 0.006245
3446.50 0.008055
3449.25 0.006529
3452.00 0.005390
3454.75 0.004798
3457.50 0.006745
3460.25 0.007186
3463.00 0.004563
3465.75 0.006519
3468.50 0.003583
3471.25 0.004620
3474.00 0.005102
3476.75 0.007177
3479.50 0.004802
3482.25 0.005334
3485.00 0.006233
3487.75 0.005400
3490.50 0.007929
3493.25 0.007019
3496.00 0.006226
3498.75 0.007757
3501.50 0.007219
3504.25 0.006070
3507.00 0.007239
3509.75 0.007560
3512.50 0.008269
3515.25 0.006938
3518.00 0.005711
3520.75 0.005925
3523.50 0.007092
3526.25 0.006232
3529.00 0.006865
3531.75 0.005806
3534.50 0.006258
3537.25 0.005993
3540.00 0.005735
3542.75 0.006291
3545.50 0.005627
3548.25 0.007447
3551.00 0.006672
3553.75 0.006900
3556.50 0.006496
3559.25 0.007003
3562.00 0.007291
3564.75 0.007187
3567.50 0.008700
3570.25 0.007364
3573.00 0.008820
3575.75 0.008095
3578.50 0.007563
3581.25 0.007294
3584.00 0.007075
3586.75 0.008746
3589.50 0.007628
3592.25 0.007530
3595.00 0.008475
3597.75 0.009127
3600.50 0.006194
3603.25 0.006991
3606.00 0.008871
3608.75 0.008519
3611.50 0.008651
3614.25 0.008493
3617.00 0.008146
3619.75 0.009870
3622.50 0.009462
3625.25 0.008192
3628.00 0.008198
3630.75 0.007352
3633.50 0.007513
3636.25 0.008283
3639.00 0.009319
3641.75 0.006975
3644.50 0.007846
3647.25 0.008499
3650.00 0.005866
3652.75 0.006312
3655.50 0.007380
3658.25 0.006666
3661.00 0.008141
3663.75 0.007808
3666.50 0.008081
3669.25 0.008157
3672.00 0.008382
3674.75 0.007821
3677.50 0.008474
3680.25 0.007552
3683.00 0.007270
3685.75 0.007114
3688.50 0.009751
3691.25 0.007968
3694.00 0.008718
3696.75 0.007053
3699.50 0.009277
3702.25 0.009352
3705.00 0.008285
3707.75 0.009486
3710.50 0.008031
3713.25 0.007753
3716.00 0.008877
3718.75 0.010298
3721.50 0.010793
3724.25 0.014998
3727.00 0.025155
3729.75 0.028022
3732.50 0.017206
3735.25 0.009628
3738.00 0.008983
3740.75 0.007963
3743.50 0.009311
3746.25 0.009671
3749.00 0.009258
3751.75 0.010456
3754.50 0.009678
3757.25 0.010374
3760.00 0.010706
3762.75 0.009865
3765.50 0.010835
3768.25 0.009086
3771.00 0.009063
3773.75 0.009835
3776.50 0.008771
3779.25 0.008223
3782.00 0.009082
3784.75 0.009710
3787.50 0.010913
3790.25 0.008782
3793.00 0.008835
3795.75 0.008197
3798.50 0.008065
3801.25 0.008294
3804.00 0.008411
3806.75 0.006942
3809.50 0.005492
3812.25 0.008439
3815.00 0.008582
3817.75 0.004874
3820.50 0.010896
3823.25 0.001774
3826.00 0.005982
3828.75 0.010905
3831.50 0.005437
3834.25 0.014867
3837.00 0.012032
3839.75 0.012370
3842.50 0.007315
3845.25 0.008888
3848.00 0.001000
3850.75 0.011132
3853.50 0.009233
3856.25 0.007436
3859.00 0.011351
3861.75 0.013230
3864.50 0.017691
3867.25 0.012368
3870.00 0.017901
3872.75 0.020930
3875.50 0.005352
3878.25 0.004674
3881.00 0.009623
3883.75 0.011476
3886.50 0.011684
3889.25 0.012963
3892.00 0.009315
3894.75 0.015695
3897.50 0.008191
3900.25 0.007109
3903.00 0.010140
3905.75 0.008581
3908.50 0.013205
3911.25 0.021279
3914.00 0.007872
3916.75 0.007758
3919.50 0.007107
3922.25 0.011274
3925.00 0.007941
3927.75 0.009506
3930.50 0.018329
3933.25 0.011584
3936.00 0.010110
3938.75 0.014512
3941.50 0.011707
3944.25 0.013675
3947.00 0.008340
3949.75 0.011959
3952.50 0.005806
3955.25 0.009629
3958.00 0.013816
3960.75 0.008957
3963.50 0.011886
3966.25 0.015766
3969.00 0.015473
3971.75 0.011296
3974.50 0.006844
3977.25 0.009299
3980.00 0.012355
3982.75 0.010321
3985.50 0.009510
3988.25 0.014417
3991.00 0.008437
3993.75 0.009674
3996.50 0.010903
3999.25 0.005652
4002.00 0.011050
4004.75 0.011066
4007.50 0.012816
4010.25 0.009172
4013.00 0.007510
4015.75 0.011408
4018.50 0.007307
4021.25 0.004985
4024.00 0.005929
4026.75 0.006802
4029.50 0.009060
4032.25 0.008214
4035.00 0.008440
4037.75 0.007678
4040.50 0.000884
4043.25 0.007458
4046.00 0.007290
4048.75 0.007011
4051.50 0.010023
4054.25 0.009106
4057.00 0.009834
4059.75 0.012138
4062.50 0.011469
4065.25 0.011228
4068.00 0.011837
4070.75 0.007915
4073.50 0.010521
4076.25 0.009438
4079.00 0.008752
4081.75 0.009148
4084.50 0.007732
4087.25 0.011794
4090.00 0.012862
4092.75 0.016325
4095.50 0.007461
4098.25 0.015077
4101.00 0.014376
4103.75 0.017082
4106.50 0.013335
4109.25 0.012994
4112.00 0.012680
4114.75 0.013265
4117.50 0.012590
4120.25 0.011773
4123.00 0.009185
4125.75 0.008008
4128.50 0.007225
4131.25 0.012865
4134.00 0.010596
4136.75 0.010662
4139.50 0.009834
4142.25 0.010890
4145.00 0.011165
4147.75 0.008826
4150.50 0.010504
4153.25 0.006873
4156.00 0.005639
4158.75 0.013539
4161.50 0.010234
4164.25 0.012747
4167.00 0.011773
4169.75 0.009768
4172.50 0.013161
4175.25 0.011486
4178.00 0.012162
4180.75 0.010594
4183.50 0.007820
4186.25 0.011282
4189.00 0.009201
4191.75 0.007660
4194.50 0.011419
4197.25 0.011345
4200.00 0.006590
4202.75 0.010248
4205.50 0.008708
4208.25 0.008391
4211.00 0.008466
4213.75 0.006196
4216.50 0.010180
4219.25 0.007919
4222.00 0.008143
4224.75 0.006878
4227.50 0.008838
4230.25 0.010249
4233.00 0.011434
4235.75 0.011018
4238.50 0.009075
4241.25 0.009998
4244.00 0.009691
4246.75 0.007760
4249.50 0.012949
4252.25 0.013728
4255.00 0.010121
4257.75 0.008798
4260.50 0.011836
4263.25 0.009592
4266.00 0.007545
4268.75 0.007008
4271.50 0.010596
4274.25 0.010320
4277.00 0.008608
4279.75 0.009317
4282.50 0.010167
4285.25 0.008832
4288.00 0.009667
4290.75 0.008834
4293.50 0.014009
4296.25 0.011336
4299.00 0.012259
4301.75 0.008460
4304.50 0.013401
4307.25 0.011853
4310.00 0.008517
4312.75 0.013291
4315.50 0.014217
4318.25 0.014179
4321.00 0.010269
4323.75 0.016035
4326.50 0.012875
4329.25 0.011543
4332.00 0.017322
4334.75 0.017934
4337.50 0.018148
4340.25 0.022461
4343.00 0.022612
4345.75 0.017176
4348.50 0.013756
4351.25 0.014512
4354.00 0.015782
4356.75 0.017080
4359.50 0.016847
4362.25 0.018329
4365.00 0.017761
4367.75 0.013089
4370.50 0.013022
4373.25 0.010433
4376.00 0.008622
4378.75 0.008916
4381.50 0.012501
4384.25 0.010903
4387.00 0.009189
4389.75 0.008334
4392.50 0.013438
4395.25 0.010292
4398.00 0.009797
4400.75 0.011594
4403.50 0.010781
4406.25 0.008725
4409.00 0.007319
4411.75 0.009062
4414.50 0.008606
4417.25 0.008922
4420.00 0.009419
4422.75 0.011898
4425.50 0.009621
4428.25 0.011605
4431.00 0.010405
4433.75 0.009517
4436.50 0.007987
4439.25 0.008528
4442.00 0.010500
4444.75 0.010694
4447.50 0.008637
4450.25 0.011902
4453.00 0.009631
4455.75 0.006816
4458.50 0.009186
4461.25 0.011910
4464.00 0.011307
4466.75 0.013107
4469.50 0.007148
4472.25 0.009623
4475.00 0.011542
4477.75 0.012132
4480.50 0.010329
4483.25 0.011765
4486.00 0.009335
4488.75 0.011437
4491.50 0.012569
4494.25 0.011978
4497.00 0.008907
4499.75 0.011172
4502.50 0.010592
4505.25 0.014875
4508.00 0.014293
4510.75 0.012134
4513.50 0.009109
4516.25 0.011216
4519.00 0.011179
4521.75 0.014795
4524.50 0.014616
4527.25 0.014388
4530.00 0.013606
4532.75 0.010731
4535.50 0.012898
4538.25 0.013348
4541.00 0.008415
4543.75 0.012921
4546.50 0.011141
4549.25 0.012271
4552.00 0.013835
4554.75 0.010325
4557.50 0.013716
4560.25 0.013249
4563.00 0.010807
4565.75 0.011128
4568.50 0.010736
4571.25 0.011196
4574.00 0.011397
4576.75 0.011166
4579.50 0.012421
4582.25 0.012761
4585.00 0.010347
4587.75 0.011112
4590.50 0.012612
4593.25 0.012117
4596.00 0.011939
4598.75 0.012709
4601.50 0.010743
4604.25 0.011288
4607.00 0.010654
4609.75 0.009294
4612.50 0.009963
4615.25 0.013316
4618.00 0.015426
4620.75 0.010120
4623.50 0.011241
4626.25 0.014085
4629.00 0.015248
4631.75 0.013969
4634.50 0.012237
4637.25 0.010015
4640.00 0.011419
4642.75 0.013269
4645.50 0.011241
4648.25 0.012344
4651.00 0.011935
4653.75 0.013343
4656.50 0.010179
4659.25 0.009265
4662.00 0.008411
4664.75 0.010718
4667.50 0.009659
4670.25 0.011073
4673.00 0.010393
4675.75 0.012204
4678.50 0.013662
4681.25 0.009147
4684.00 0.009658
4686.75 0.010067
4689.50 0.011004
4692.25 0.009939
4695.00 0.009421
4697.75 0.008563
4700.50 0.008858
4703.25 0.007657
4706.00 0.009398
4708.75 0.009883
4711.50 0.010850
4714.25 0.011243
4717.00 0.010487
4719.75 0.009280
4722.50 0.009374
4725.25 0.009569
4728.00 0.008474
4730.75 0.006683
4733.50 0.010389
4736.25 0.009150
4739.00 0.010439
4741.75 0.009862
4744.50 0.009680
4747.25 0.009950
4750.00 0.009115
4752.75 0.007534
4755.50 0.008346
4758.25 0.008203
4761.00 0.008232
4763.75 0.009480
4766.50 0.008654
4769.25 0.007591
4772.00 0.008611
4774.75 0.010999
4777.50 0.008679
4780.25 0.010853
4783.00 0.008769
4785.75 0.011306
4788.50 0.007791
4791.25 0.010262
4794.00 0.010048
4796.75 0.009615
4799.50 0.009539
4802.25 0.009367
4805.00 0.009968
4807.75 0.007826
4810.50 0.009839
4813.25 0.009336
4816.00 0.009630
4818.75 0.011458
4821.50 0.012220
4824.25 0.012956
4827.00 0.014087
4829.75 0.012227
4832.50 0.013958
4835.25 0.013365
4838.00 0.017103
4840.75 0.016297
4843.50 0.019332
4846.25 0.018259
4849.00 0.020560
4851.75 0.021215
4854.50 0.026308
4857.25 0.029701
4860.00 0.035140
4862.75 0.043074
4865.50 0.038061
4868.25 0.031245
4871.00 0.026285
4873.75 0.023960
4876.50 0.023752
4879.25 0.018843
4882.00 0.020082
4884.75 0.017390
4887.50 0.018915
4890.25 0.018907
4893.00 0.015991
4895.75 0.012324
4898.50 0.011062
4901.25 0.012869
4904.00 0.011713
4906.75 0.009922
4909.50 0.008031
4912.25 0.009946
4915.00 0.011905
4917.75 0.010826
4920.50 0.014481
4923.25 0.010777
4926.00 0.010148
4928.75 0.009478
4931.50 0.010711
4934.25 0.011709
4937.00 0.011043
4939.75 0.009598
4942.50 0.011116
4945.25 0.010731
4948.00 0.009487
4950.75 0.010004
4953.50 0.015825
4956.25 0.022294
4959.00 0.027809
4961.75 0.025398
4964.50 0.013837
4967.25 0.009631
4970.00 0.009183
4972.75 0.007926
4975.50 0.009761
4978.25 0.009666
4981.00 0.008557
4983.75 0.006896
4986.50 0.008763
4989.25 0.008693
4992.00 0.009392
4994.75 0.011430
4997.50 0.015824
5000.25 0.021894
5003.00 0.035406
5005.75 0.062239
5008.50 0.070829
5011.25 0.043528
5014.00 0.018313
5016.75 0.013242
5019.50 0.012370
5022.25 0.009851
5025.00 0.012754
5027.75 0.010294
5030.50 0.009436
5033.25 0.008228
5036.00 0.010254
5038.75 0.009447
5041.50 0.008224
5044.25 0.009133
5047.00 0.008132
5049.75 0.007746
5052.50 0.007724
5055.25 0.007628
5058.00 0.007643
5060.75 0.007927
5063.50 0.007100
5066.25 0.005576
5069.00 0.007703
5071.75 0.006829
5074.50 0.007080
5077.25 0.007084
5080.00 0.007360
5082.75 0.006526
5085.50 0.006090
5088.25 0.007066
5091.00 0.004883
5093.75 0.007752
5096.50 0.007313
5099.25 0.007246
5102.00 0.004900
5104.75 0.007193
5107.50 0.005332
5110.25 0.006123
5113.00 0.007787
5115.75 0.007713
5118.50 0.006403
5121.25 0.006394
5124.00 0.006766
5126.75 0.005134
5129.50 0.006168
5132.25 0.004945
5135.00 0.003262
5137.75 0.005279
5140.50 0.007688
5143.25 0.007039
5146.00 0.005919
5148.75 0.006087
5151.50 0.006377
5154.25 0.009525
5157.00 0.008727
5159.75 0.008069
5162.50 0.008806
5165.25 0.008145
5168.00 0.007282
5170.75 0.010710
5173.50 0.010266
5176.25 0.007924
5179.00 0.005774
5181.75 0.006230
5184.50 0.006107
5187.25 0.007676
5190.00 0.009509
5192.75 0.010446
5195.50 0.007375
5198.25 0.006735
5201.00 0.007117
5203.75 0.007229
5206.50 0.008524
5209.25 0.006716
5212.00 0.005018
5214.75 0.006089
5217.50 0.007069
5220.25 0.007147
5223.00 0.004296
5225.75 0.006838
5228.50 0.006483
5231.25 0.005835
5234.00 0.006634
5236.75 0.006289
5239.50 0.007179
5242.25 0.007496
5245.00 0.007174
5247.75 0.006865
5250.50 0.006075
5253.25 0.006619
5256.00 0.007677
5258.75 0.005841
5261.50 0.005135
5264.25 0.007427
5267.00 0.007300
5269.75 0.008271
5272.50 0.007816
5275.25 0.006162
5278.00 0.006143
5280.75 0.009207
5283.50 0.008725
5286.25 0.008425
5289.00 0.007687
5291.75 0.007252
5294.50 0.006567
5297.25 0.005896
5300.00 0.005801
5302.75 0.005624
5305.50 0.007931
5308.25 0.005392
5311.00 0.007314
5313.75 0.008932
5316.50 0.007362
5319.25 0.008129
5322.00 0.009388
5324.75 0.007944
5327.50 0.007561
5330.25 0.007440
5333.00 0.007699
5335.75 0.006972
5338.50 0.007240
5341.25 0.006581
5344.00 0.006098
5346.75 0.006955
5349.50 0.005923
5352.25 0.005993
5355.00 0.006701
5357.75 0.003506
5360.50 0.005569
5363.25 0.006057
5366.00 0.006367
5368.75 0.006837
5371.50 0.006458
5374.25 0.006848
5377.00 0.005656
5379.75 0.008761
5382.50 0.006495
5385.25 0.006641
5388.00 0.007033
5390.75 0.004854
5393.50 0.004168
5396.25 0.004594
5399.00 0.005309
5401.75 0.004350
5404.50 0.007355
5407.25 0.006178
5410.00 0.004869
5412.75 0.005683
5415.50 0.004773
5418.25 0.005144
5421.00 0.005842
5423.75 0.006724
5426.50 0.005575
5429.25 0.005722
5432.00 0.004470
5434.75 0.005107
5437.50 0.005437
5440.25 0.007203
5443.00 0.004965
5445.75 0.005779
5448.50 0.006505
5451.25 0.006632
5454.00 0.005526
5456.75 0.006358
5459.50 0.006423
5462.25 0.006263
5465.00 0.004168
5467.75 0.004263
5470.50 0.003142
5473.25 0.004721
5476.00 0.005741
5478.75 0.005079
5481.50 0.006278
5484.25 0.005738
5487.00 0.004754
5489.75 0.004522
5492.50 0.004542
5495.25 0.004944
5498.00 0.005753
5500.75 0.004120
5503.50 0.004378
5506.25 0.003846
5509.00 0.006450
5511.75 0.004911
5514.50 0.005187
5517.25 0.006557
5520.00 0.004181
5522.75 0.006192
5525.50 0.006725
5528.25 0.006824
5531.00 0.006164
5533.75 0.004801
5536.50 0.005898
5539.25 0.005227
5542.00 0.004025
5544.75 0.004925
5547.50 0.004605
5550.25 0.003425
5553.00 0.005848
5555.75 0.004738
5558.50 0.003211
5561.25 0.003470
5564.00 0.003525
5566.75 0.003472
5569.50 0.002921
5572.25 0.000789
5575.00 0.000676
5577.75 -0.000263
5580.50 -0.000549
5583.25 0.000069
5586.00 0.000828
5588.75 0.005449
5591.50 0.003996
5594.25 0.002642
5597.00 0.002829
5599.75 0.003518
5602.50 0.002970
5605.25 0.001439
5608.00 0.001459
5610.75 0.000953
5613.50 0.001574
5616.25 0.001195
5619.00 0.002093
5621.75 0.003581
5624.50 0.003646
5627.25 0.001777
5630.00 0.001067
5632.75 0.003044
5635.50 0.000294
5638.25 0.000572
5641.00 0.001454
5643.75 0.001590
5646.50 0.002036
5649.25 0.003765
5652.00 0.000246
5654.75 0.000270
5657.50 0.001815
5660.25 -0.000922
5663.00 0.000108
5665.75 0.002768
5668.50 0.001764
5671.25 0.002720
5674.00 0.001455
5676.75 0.000483
5679.50 0.001742
5682.25 0.000038
5685.00 0.001535
5687.75 0.001263
5690.50 0.002204
5693.25 0.001216
5696.00 0.001772
5698.75 0.002357
5701.50 0.002213
5704.25 0.001711
5707.00 0.002276
5709.75 0.001100
5712.50 -0.000535
5715.25 -0.000536
5718.00 0.000495
5720.75 -0.000599
5723.50 0.000151
5726.25 0.000561
5729.00 0.001077
5731.75 0.001081
5734.50 0.000696
5737.25 0.001145
5740.00 0.001646
5742.75 0.002966
5745.50 0.001820
5748.25 0.001159
5751.00 0.001626
5753.75 0.000722
5756.50 0.000926
5759.25 -0.001564
5762.00 -0.000660
5764.75 0.001075
5767.50 -0.000983
5770.25 -0.000466
5773.00 -0.001580
5775.75 0.000520
5778.50 -0.000739
5781.25 0.000700
5784.00 -0.000522
5786.75 0.000242
5789.50 -0.000675
5792.25 0.000817
5795.00 -0.001588
5797.75 0.001145
5800.50 0.002504
5803.25 0.001959
5806.00 0.000224
5808.75 0.001311
5811.50 0.000732
5814.25 0.000637
5817.00 0.000343
5819.75 -0.001019
5822.50 -0.000097
5825.25 0.000529
5828.00 -0.001280
5830.75 -0.003101
5833.50 -0.001266
5836.25 -0.000253
5839.00 0.000246
5841.75 0.001120
5844.50 0.002117
5847.25 -0.000052
5850.00 0.002531
5852.75 0.001365
5855.50 0.001552
5858.25 0.002054
5861.00 -0.000732
5863.75 0.002074
5866.50 0.003472
5869.25 0.003211
5872.00 0.005876
5874.75 0.003692
5877.50 0.003687
5880.25 0.003433
5883.00 0.004599
5885.75 0.003139
5888.50 0.002897
5891.25 0.003671
5894.00 0.002812
5896.75 0.002608
5899.50 0.002011
5902.25 0.000914
5905.00 0.000619
5907.75 0.001101
5910.50 0.000391
5913.25 0.002210
5916.00 0.000186
5918.75 0.003365
5921.50 0.001213
5924.25 0.002076
5927.00 0.001962
5929.75 0.001385
5932.50 0.002073
5935.25 0.001601
5938.00 -0.000138
5940.75 -0.000456
5943.50 0.000046
5946.25 0.000917
5949.00 0.001156
5951.75 0.000882
5954.50 0.000986
5957.25 0.001082
5960.00 -0.000892
5962.75 -0.000069
5965.50 0.000513
5968.25 0.000478
5971.00 0.000025
5973.75 0.001904
5976.50 0.001070
5979.25 0.000189
5982.00 -0.000862
5984.75 -0.001212
5987.50 -0.000123
5990.25 0.001497
5993.00 -0.000245
5995.75 0.000519
5998.50 0.000270
6001.25 0.000073
6004.00 -0.000684
6006.75 -0.000099
6009.50 0.000067
6012.25 -0.000299
6015.00 -0.002315
6017.75 -0.000699
6020.50 0.000645
6023.25 -0.000196
6026.00 -0.000478
6028.75 -0.001159
6031.50 0.001303
6034.25 0.000332
6037.00 0.002006
6039.75 -0.000968
6042.50 0.000728
6045.25 -0.000170
6048.00 -0.000723
6050.75 -0.000262
6053.50 0.000827
6056.25 -0.002755
6059.00 -0.000312
6061.75 -0.000291
6064.50 0.001539
6067.25 -0.000577
6070.00 -0.002194
6072.75 -0.000462
6075.50 -0.000537
6078.25 0.001315
6081.00 0.000423
6083.75 -0.001112
6086.50 0.000645
6089.25 0.000652
6092.00 -0.000111
6094.75 0.000217
6097.50 0.000644
6100.25 -0.000853
6103.00 -0.000666
6105.75 0.000327
6108.50 -0.000925
6111.25 0.001299
6114.00 -0.000456
6116.75 0.000055
6119.50 -0.000181
6122.25 -0.000907
6125.00 -0.000415
6127.75 -0.001078
6130.50 -0.000951
6133.25 -0.001714
6136.00 -0.000425
6138.75 -0.000767
6141.50 0.000222
6144.25 -0.000300
6147.00 -0.000915
6149.75 0.000642
6152.50 -0.001117
6155.25 -0.001126
6158.00 -0.000557
6160.75 -0.000181
6163.50 -0.001376
6166.25 -0.000379
6169.00 -0.001180
6171.75 -0.001991
6174.50 -0.000522
6177.25 -0.001767
6180.00 -0.002850
6182.75 -0.002387
6185.50 -0.000952
6188.25 -0.001910
6191.00 -0.002364
6193.75 -0.002636
6196.50 -0.003136
6199.25 -0.001253
6202.00 -0.000217
6204.75 -0.002831
6207.50 -0.000731
6210.25 -0.002142
6213.00 -0.001524
6215.75 -0.001444
6218.50 -0.001964
6221.25 -0.002582
6224.00 -0.001459
6226.75 -0.000084
6229.50 -0.000917
6232.25 -0.000932
6235.00 -0.000713
6237.75 -0.000940
6240.50 -0.000511
6243.25 -0.000589
6246.00 -0.000681
6248.75 -0.000806
6251.50 -0.001218
6254.25 -0.000895
6257.00 -0.000562
6259.75 -0.000439
6262.50 -0.000274
6265.25 -0.002702
6268.00 -0.000180
6270.75 -0.001035
6273.50 -0.000984
6276.25 -0.002495
6279.00 -0.001633
6281.75 -0.001040
6284.50 -0.000219
6287.25 -0.000941
6290.00 -0.001834
6292.75 -0.000699
6295.50 0.000019
6298.25 -0.001087
6301.00 0.000252
6303.75 0.000313
6306.50 0.001106
6309.25 0.000173
6312.00 -0.000012
6314.75 -0.000225
6317.50 0.000224
6320.25 -0.000566
6323.00 -0.000937
6325.75 -0.002083
6328.50 -0.002322
6331.25 -0.000030
6334.00 -0.000250
6336.75 -0.000634
6339.50 0.000041
6342.25 -0.000399
6345.00 -0.000664
6347.75 -0.000066
6350.50 -0.001390
6353.25 -0.001185
6356.00 0.000011
6358.75 0.000118
6361.50 0.000195
6364.25 0.000125
6367.00 -0.000202
6369.75 -0.000800
6372.50 -0.000727
6375.25 -0.000887
6378.00 -0.001354
6380.75 -0.001212
6383.50 -0.001566
6386.25 -0.001807
6389.00 -0.001085
6391.75 -0.000509
6394.50 -0.000547
6397.25 -0.001734
6400.00 -0.000849
6402.75 -0.000917
6405.50 -0.001528
6408.25 -0.001342
6411.00 -0.001160
6413.75 -0.000732
6416.50 -0.001352
6419.25 -0.001792
6422.00 -0.000781
6424.75 -0.001108
6427.50 -0.001967
6430.25 -0.000592
6433.00 -0.002646
6435.75 -0.001119
6438.50 -0.001097
6441.25 -0.000823
6444.00 -0.001377
6446.75 -0.001987
6449.50 -0.001713
6452.25 -0.001087
6455.00 -0.001268
6457.75 -0.001412
6460.50 -0.001074
6463.25 -0.001418
6466.00 -0.001701
6468.75 -0.000677
6471.50 -0.001407
6474.25 -0.000282
6477.00 -0.000809
6479.75 -0.000077
6482.50 -0.002062
6485.25 -0.000374
6488.00 -0.001006
6490.75 -0.002810
6493.50 -0.001896
6496.25 0.000685
6499.00 0.000153
6501.75 0.000241
6504.50 0.000510
6507.25 0.001306
6510.00 0.001310
6512.75 0.002120
6515.50 0.002676
6518.25 0.003993
6521.00 0.004031
6523.75 0.005339
6526.50 0.006688
6529.25 0.008351
6532.00 0.010071
6534.75 0.012712
6537.50 0.014953
6540.25 0.016903
6543.00 0.020907
6545.75 0.025429
6548.50 0.029414
6551.25 0.037105
6554.00 0.040381
6556.75 0.045667
6559.50 0.055507
6562.25 0.071479
6565.00 0.089135
6567.75 0.080652
6570.50 0.062303
6573.25 0.050428
6576.00 0.043573
6578.75 0.040002
6581.50 0.037713
6584.25 0.039864
6587.00 0.040705
6589.75 0.029928
6592.50 0.022710
6595.25 0.017952
6598.00 0.013491
6600.75 0.011851
6603.50 0.008887
6606.25 0.007310
6609.00 0.006419
6611.75 0.004743
6614.50 0.003573
6617.25 0.003467
6620.00 0.000675
6622.75 -0.001020
6625.50 -0.001149
6628.25 -0.002688
6631.00 -0.003001
6633.75 -0.004084
6636.50 -0.003730
6639.25 -0.003123
6642.00 -0.002874
6644.75 -0.002998
6647.50 -0.003500
6650.25 -0.004827
6653.00 -0.003994
6655.75 -0.004443
6658.50 -0.004398
6661.25 -0.004573
6664.00 -0.004688
6666.75 -0.004810
6669.50 -0.004856
6672.25 -0.006161
6675.00 -0.005242
6677.75 -0.005027
6680.50 -0.005018
6683.25 -0.004562
6686.00 -0.005336
6688.75 -0.005178
6691.50 -0.006456
6694.25 -0.007813
6697.00 -0.006967
6699.75 -0.006901
6702.50 -0.005327
6705.25 -0.006316
6708.00 -0.007426
6710.75 -0.006082
6713.50 -0.006403
6716.25 -0.004347
6719.00 -0.003204
6721.75 -0.003240
6724.50 -0.004330
6727.25 -0.004564
6730.00 -0.005439
6732.75 -0.004169
6735.50 -0.005105
6738.25 -0.005756
6741.00 -0.007106
6743.75 -0.007357
6746.50 -0.007040
6749.25 -0.008287
6752.00 -0.009881
6754.75 -0.007677
6757.50 -0.007693
6760.25 -0.007338
6763.00 -0.007324
6765.75 -0.007161
6768.50 -0.007283
6771.25 -0.007431
6774.00 -0.006588
6776.75 -0.008155
6779.50 -0.009033
6782.25 -0.008223
6785.00 -0.007638
6787.75 -0.008349
6790.50 -0.008380
6793.25 -0.006911
6796.00 -0.007936
6798.75 -0.008021
6801.50 -0.007049
6804.25 -0.007808
6807.00 -0.007709
6809.75 -0.008924
6812.50 -0.008750
6815.25 -0.007406
6818.00 -0.009409
6820.75 -0.008426
6823.50 -0.008622
6826.25 -0.008091
6829.00 -0.009784
6831.75 -0.009171
6834.50 -0.008704
6837.25 -0.008948
6840.00 -0.009260
6842.75 -0.009423
6845.50 -0.008031
6848.25 -0.009748
6851.00 -0.009233
6853.75 -0.008800
6856.50 -0.009137
6859.25 -0.009207
6862.00 -0.009281
6864.75 -0.008156
6867.50 -0.008596
6870.25 -0.010776
6873.00 -0.010348
6875.75 -0.009327
6878.50 -0.010086
6881.25 -0.010257
6884.00 -0.009812
6886.75 -0.010210
6889.50 -0.009509
6892.25 -0.009067
6895.00 -0.009895
6897.75 -0.009111
6900.50 -0.010367
6903.25 -0.009917
6906.00 -0.010302
6908.75 -0.009739
6911.50 -0.010753
6914.25 -0.009846
6917.00 -0.010476
6919.75 -0.009489
6922.50 -0.009788
6925.25 -0.010298
6928.00 -0.010185
6930.75 -0.010239
6933.50 -0.010391
6936.25 -0.010530
6939.00 -0.011269
6941.75 -0.010436
6944.50 -0.011618
6947.25 -0.010917
6950.00 -0.010124
6952.75 -0.009781
6955.50 -0.010679
6958.25 -0.010268
6961.00 -0.010870
6963.75 -0.010960
6966.50 -0.010910
6969.25 -0.010490
6972.00 -0.010742
6974.75 -0.010952
6977.50 -0.010695
6980.25 -0.009997
6983.00 -0.010884
6985.75 -0.012115
6988.50 -0.012150
6991.25 -0.011380
6994.00 -0.011823
6996.75 -0.011636
6999.50 -0.011806
7002.25 -0.011456
7005.00 -0.013135
7007.75 -0.011667
7010.50 -0.010468
7013.25 -0.010675
7016.00 -0.010972
7018.75 -0.011263
7021.50 -0.011670
7024.25 -0.011877
7027.00 -0.012665
7029.75 -0.012437
7032.50 -0.012321
7035.25 -0.012175
7038.00 -0.013877
7040.75 -0.012931
7043.50 -0.014373
7046.25 -0.014602
7049.00 -0.014397
7051.75 -0.013713
7054.50 -0.013431
7057.25 -0.013096
7060.00 -0.015044
7062.75 -0.013343
7065.50 -0.014114
7068.25 -0.014652
7071.00 -0.013591
7073.75 -0.013921
7076.50 -0.014081
7079.25 -0.014052
7082.00 -0.013488
7084.75 -0.013091
7087.50 -0.013158
7090.25 -0.012256
7093.00 -0.013597
7095.75 -0.013413
7098.50 -0.014296
7101.25 -0.012736
7104.00 -0.014136
7106.75 -0.014009
7109.50 -0.014399
7112.25 -0.014188
7115.00 -0.013321
7117.75 -0.014077
7120.50 -0.013490
7123.25 -0.013712
7126.00 -0.013304
7128.75 -0.013931
7131.50 -0.014451
7134.25 -0.013920
7137.00 -0.014276
7139.75 -0.013807
7142.50 -0.014033
7145.25 -0.014536
7148.00 -0.015318
7150.75 -0.014118
7153.50 -0.015173
7156.25 -0.015419
7159.00 -0.016056
7161.75 -0.015057
7164.50 -0.015650
7167.25 -0.016044
7170.00 -0.015753
7172.75 -0.016064
7175.50 -0.016764
7178.25 -0.015579
7181.00 -0.016319
7183.75 -0.015447
7186.50 -0.016337
7189.25 -0.016303
7192.00 -0.016939
7194.75 -0.016792
7197.50 -0.017048
7200.25 -0.017174
7203.00 -0.015076
7205.75 -0.017242
7208.50 -0.015614
7211.25 -0.017674
7214.00 -0.016436
7216.75 -0.016355
7219.50 -0.016480
7222.25 -0.016300
7225.00 -0.017065
7227.75 -0.017476
7230.50 -0.016351
7233.25 -0.015462
7236.00 -0.016495
7238.75 -0.015645
7241.50 -0.015843
7244.25 -0.016491
7247.00 -0.016149
7249.75 -0.016729
7252.50 -0.016731
7255.25 -0.016008
7258.00 -0.016392
7260.75 -0.016814
7263.50 -0.017356
7266.25 -0.016640
7269.00 -0.016844
7271.75 -0.016075
7274.50 -0.015901
7277.25 -0.015289
7280.00 -0.015642
7282.75 -0.015688
7285.50 -0.015964
7288.25 -0.015631
7291.00 -0.016254
7293.75 -0.017045
7296.50 -0.016256
7299.25 -0.016185
7302.00 -0.016012
7304.75 -0.015692
7307.50 -0.016333
7310.25 -0.016528
7313.00 -0.016921
7315.75 -0.016911
7318.50 -0.017324
7321.25 -0.017334
7324.00 -0.017157
7326.75 -0.016238
7329.50 -0.016297
7332.25 -0.016650
7335.00 -0.016522
7337.75 -0.016913
7340.50 -0.017214
7343.25 -0.016991
7346.00 -0.017106
7348.75 -0.016614
7351.50 -0.017173
7354.25 -0.016583
7357.00 -0.016656
7359.75 -0.016367
7362.50 -0.016611
7365.25 -0.016549
7368.00 -0.016362
7370.75 -0.016831
7373.50 -0.017134
7376.25 -0.018329
7379.00 -0.016324
7381.75 -0.017081
7384.50 -0.017732
7387.25 -0.016268
7390.00 -0.017692
7392.75 -0.017520
7395.50 -0.016771
7398.25 -0.017358
7401.00 -0.017539
7403.75 -0.016919
7406.50 -0.017731
7409.25 -0.017978
7412.00 -0.017983
7414.75 -0.017216
7417.50 -0.016836
7420.25 -0.016025
7423.00 -0.016026
7425.75 -0.016927
7428.50 -0.016385
7431.25 -0.016600
7434.00 -0.016934
7436.75 -0.017122
7439.50 -0.017273
7442.25 -0.017385
7445.00 -0.018041
7447.75 -0.017143
7450.50 -0.017657
7453.25 -0.017621
7456.00 -0.017890
7458.75 -0.017796
7461.50 -0.017287
7464.25 -0.016806
7467.00 -0.015514
7469.75 -0.016707
7472.50 -0.016748
7475.25 -0.017261
7478.00 -0.017544
7480.75 -0.016837
7483.50 -0.017511
7486.25 -0.017712
7489.00 -0.017390
7491.75 -0.016870
7494.50 -0.016531
7497.25 -0.017898
7500.00 -0.016684
7502.75 -0.016391
7505.50 -0.016984
7508.25 -0.017314
7511.00 -0.017141
7513.75 -0.015195
7516.50 -0.015892
7519.25 -0.017539
7522.00 -0.017708
7524.75 -0.016730
7527.50 -0.015758
7530.25 -0.016567
7533.00 -0.016166
7535.75 -0.016049
7538.50 -0.014977
7541.25 -0.015869
7544.00 -0.016659
7546.75 -0.015837
7549.50 -0.015106
7552.25 -0.016851
7555.00 -0.015528
7557.75 -0.015732
7560.50 -0.014903
7563.25 -0.016337
7566.00 -0.016071
7568.75 -0.015973
7571.50 -0.015584
7574.25 -0.015121
7577.00 -0.015932
7579.75 -0.015949
7582.50 -0.015493
7585.25 -0.015879
7588.00 -0.015790
7590.75 -0.015786
7593.50 -0.015853
7596.25 -0.015781
7599.00 -0.014976
7601.75 -0.014955
7604.50 -0.014393
7607.25 -0.015979
7610.00 -0.016982
7612.75 -0.015461
7615.50 -0.014011
7618.25 -0.014244
7621.00 -0.015801
7623.75 -0.017527
7626.50 -0.015207
7629.25 -0.014584
7632.00 -0.014703
7634.75 -0.015332
7637.50 -0.015807
7640.25 -0.015906
7643.00 -0.015045
7645.75 -0.015886
7648.50 -0.014873
7651.25 -0.015861
7654.00 -0.015639
7656.75 -0.015201
7659.50 -0.015755
7662.25 -0.015694
7665.00 -0.015740
7667.75 -0.013924
7670.50 -0.014843
7673.25 -0.015859
7676.00 -0.015943
7678.75 -0.015373
7681.50 -0.015490
7684.25 -0.016059
7687.00 -0.015921
7689.75 -0.014523
7692.50 -0.015390
7695.25 -0.017673
7698.00 -0.016375
7700.75 -0.015305
7703.50 -0.016241
7706.25 -0.015770
7709.00 -0.017077
7711.75 -0.016441
7714.50 -0.016263
7717.25 -0.016415
7720.00 -0.016013
7722.75 -0.017050
7725.50 -0.015801
7728.25 -0.015748
7731.00 -0.015659
7733.75 -0.015140
7736.50 -0.015756
7739.25 -0.015247
7742.00 -0.015256
7744.75 -0.015083
7747.50 -0.014596
7750.25 -0.015164
7753.00 -0.015037
7755.75 -0.015054
7758.50 -0.014767
7761.25 -0.014914
7764.00 -0.014271
7766.75 -0.017424
7769.50 -0.016626
7772.25 -0.015578
7775.00 -0.016412
7777.75 -0.016854
7780.50 -0.016985
7783.25 -0.016123
7786.00 -0.017078
7788.75 -0.017687
7791.50 -0.017337
7794.25 -0.017971
7797.00 -0.017324
7799.75 -0.018167
7802.50 -0.018779
7805.25 -0.020367
7808.00 -0.021699
7810.75 -0.020572
7813.50 -0.022233
7816.25 -0.020921
7819.00 -0.021909
7821.75 -0.020424
7824.50 -0.021756
7827.25 -0.021625
7830.00 -0.020065
7832.75 -0.021712
7835.50 -0.020688
7838.25 -0.020810
7841.00 -0.019703
7843.75 -0.020768
7846.50 -0.020467
7849.25 -0.020134
7852.00 -0.020983
7854.75 -0.020023
7857.50 -0.020436
7860.25 -0.019884
7863.00 -0.021009
7865.75 -0.022500
7868.50 -0.022006
7871.25 -0.021957
7874.00 -0.021069
7876.75 -0.019760
7879.50 -0.019625
7882.25 -0.019364
7885.00 -0.020881
7887.75 -0.018451
7890.50 -0.018120
7893.25 -0.019346
7896.00 -0.018563
7898.75 -0.017644
7901.50 -0.018608
7904.25 -0.017974
7907.00 -0.019400
7909.75 -0.020123
7912.50 -0.019348
7915.25 -0.018631
7918.00 -0.020873
7920.75 -0.019262
7923.50 -0.018104
7926.25 -0.018826
7929.00 -0.018020
7931.75 -0.016966
7934.50 -0.017576
7937.25 -0.018425
7940.00 -0.016708
7942.75 -0.018578
7945.50 -0.017743
7948.25 -0.018473
7951.00 -0.017444
7953.75 -0.017320
7956.50 -0.017616
7959.25 -0.016930
7962.00 -0.017302
7964.75 -0.017384
7967.50 -0.017351
7970.25 -0.017340
7973.00 -0.016122
7975.75 -0.017284
7978.50 -0.016677
7981.25 -0.016692
7984.00 -0.017710
7986.75 -0.018562
7989.50 -0.015850
7992.25 -0.016648
7995.00 -0.016138
7997.75 -0.017607
