900.00 0.018097
902.75 0.019203
905.50 0.018819
908.25 0.019913
911.00 0.020370
913.75 0.022231
916.50 0.022541
919.25 0.022720
922.00 0.022461
924.75 0.024952
927.50 0.023031
930.25 0.025481
933.00 0.025489
935.75 0.024966
938.50 0.026443
941.25 0.027865
944.00 0.028135
946.75 0.027602
949.50 0.025938
952.25 0.027365
955.00 0.025429
957.75 0.025830
960.50 0.026210
963.25 0.026431
966.00 0.026192
968.75 0.027328
971.50 0.029666
974.25 0.030885
977.00 0.032209
979.75 0.029877
982.50 0.030697
985.25 0.030712
988.00 0.032387
990.75 0.031451
993.50 0.030058
996.25 0.028732
999.00 0.029143
1001.75 0.026997
1004.50 0.027979
1007.25 0.028628
1010.00 0.029357
1012.75 0.029213
1015.50 0.030533
1018.25 0.031696
1021.00 0.035156
1023.75 0.037233
1026.50 0.040572
1029.25 0.044319
1032.00 0.045047
1034.75 0.047174
1037.50 0.043925
1040.25 0.040013
1043.00 0.037443
1045.75 0.036015
1048.50 0.035841
1051.25 0.035133
1054.00 0.034789
1056.75 0.034102
1059.50 0.035103
1062.25 0.036043
1065.00 0.035477
1067.75 0.036187
1070.50 0.036274
1073.25 0.035897
1076.00 0.034610
1078.75 0.034507
1081.50 0.033446
1084.25 0.032705
1087.00 0.031353
1089.75 0.030389
1092.50 0.029951
1095.25 0.029613
1098.00 0.029624
1100.75 0.029265
1103.50 0.029530
1106.25 0.029733
1109.00 0.029809
1111.75 0.031250
1114.50 0.031121
1117.25 0.031750
1120.00 0.031320
1122.75 0.031912
1125.50 0.031514
1128.25 0.031775
1131.00 0.030649
1133.75 0.030320
1136.50 0.029807
1139.25 0.029960
1142.00 0.029400
1144.75 0.029634
1147.50 0.029372
1150.25 0.029756
1153.00 0.029861
1155.75 0.030107
1158.50 0.030316
1161.25 0.030834
1164.00 0.031359
1166.75 0.031964
1169.50 0.033257
1172.25 0.033817
1175.00 0.034499
1177.75 0.035234
1180.50 0.035937
1183.25 0.036784
1186.00 0.037510
1188.75 0.039886
1191.50 0.042688
1194.25 0.045199
1197.00 0.050507
1199.75 0.052415
1202.50 0.059750
1205.25 0.066621
1208.00 0.076914
1210.75 0.092353
1213.50 0.117487
1216.25 0.106082
1219.00 0.097058
1221.75 0.088396
1224.50 0.081610
1227.25 0.077758
1230.00 0.076935
1232.75 0.079388
1235.50 0.082927
1238.25 0.083129
1241.00 0.078864
1243.75 0.072211
1246.50 0.065546
1249.25 0.060753
1252.00 0.057012
1254.75 0.054746
1257.50 0.053381
1260.25 0.052340
1263.00 0.050971
1265.75 0.049608
1268.50 0.047804
1271.25 0.045689
1274.00 0.043878
1276.75 0.042895
1279.50 0.041911
1282.25 0.041461
1285.00 0.041296
1287.75 0.041170
1290.50 0.041111
1293.25 0.041593
1296.00 0.042243
1298.75 0.043124
1301.50 0.043880
1304.25 0.044192
1307.00 0.043854
1309.75 0.043218
1312.50 0.042108
1315.25 0.040645
1318.00 0.040125
1320.75 0.039713
1323.50 0.039659
1326.25 0.039908
1329.00 0.040623
1331.75 0.041037
1334.50 0.041986
1337.25 0.041916
1340.00 0.040893
1342.75 0.040451
1345.50 0.039966
1348.25 0.039556
1351.00 0.039209
1353.75 0.038855
1356.50 0.039027
1359.25 0.038990
1362.00 0.039135
1364.75 0.039340
1367.50 0.039565
1370.25 0.039540
1373.00 0.040057
1375.75 0.040773
1378.50 0.041099
1381.25 0.042132
1384.00 0.043470
1386.75 0.045296
1389.50 0.047114
1392.25 0.048597
1395.00 0.049759
1397.75 0.050295
1400.50 0.050290
1403.25 0.049226
1406.00 0.047522
1408.75 0.045828
1411.50 0.044090
1414.25 0.042868
1417.00 0.041904
1419.75 0.041232
1422.50 0.040681
1425.25 0.040243
1428.00 0.039607
1430.75 0.039143
1433.50 0.038802
1436.25 0.038386
1439.00 0.038164
1441.75 0.037789
1444.50 0.037550
1447.25 0.037479
1450.00 0.037370
1452.75 0.037238
1455.50 0.037217
1458.25 0.037248
1461.00 0.036999
1463.75 0.037110
1466.50 0.037034
1469.25 0.036980
1472.00 0.036982
1474.75 0.037026
1477.50 0.036732
1480.25 0.036734
1483.00 0.036812
1485.75 0.036830
1488.50 0.036995
1491.25 0.037044
1494.00 0.037304
1496.75 0.037537
1499.50 0.037574
1502.25 0.037683
1505.00 0.037912
1507.75 0.038212
1510.50 0.038693
1513.25 0.039496
1516.00 0.040306
1518.75 0.041264
1521.50 0.042784
1524.25 0.044545
1527.00 0.046781
1529.75 0.049263
1532.50 0.052152
1535.25 0.055378
1538.00 0.059161
1540.75 0.064128
1543.50 0.068738
1546.25 0.071101
1549.00 0.069824
1551.75 0.065279
1554.50 0.059850
1557.25 0.055198
1560.00 0.051705
1562.75 0.049047
1565.50 0.047119
1568.25 0.045415
1571.00 0.044116
1573.75 0.043056
1576.50 0.042196
1579.25 0.041409
1582.00 0.040860
1584.75 0.040299
1587.50 0.039871
1590.25 0.039492
1593.00 0.039344
1595.75 0.039052
1598.50 0.039003
1601.25 0.039025
1604.00 0.038965
1606.75 0.038788
1609.50 0.038812
1612.25 0.038645
1615.00 0.038793
1617.75 0.038469
1620.50 0.038617
1623.25 0.038719
1626.00 0.038608
1628.75 0.038862
1631.50 0.039118
1634.25 0.039238
1637.00 0.039365
1639.75 0.039057
1642.50 0.038583
1645.25 0.037408
1648.00 0.037009
1650.75 0.036941
1653.50 0.036854
1656.25 0.036861
1659.00 0.036927
1661.75 0.036905
1664.50 0.036772
1667.25 0.036429
1670.00 0.035981
1672.75 0.035482
1675.50 0.034724
1678.25 0.034291
1681.00 0.033857
1683.75 0.033580
1686.50 0.033380
1689.25 0.033253
1692.00 0.033059
1694.75 0.033121
1697.50 0.033112
1700.25 0.033219
1703.00 0.033228
1705.75 0.033180
1708.50 0.033574
1711.25 0.033475
1714.00 0.033726
1716.75 0.033812
1719.50 0.033596
1722.25 0.033935
1725.00 0.033471
1727.75 0.033693
1730.50 0.033358
1733.25 0.033292
1736.00 0.033266
1738.75 0.033361
1741.50 0.033524
1744.25 0.033723
1747.00 0.033757
1749.75 0.033704
1752.50 0.033409
1755.25 0.033136
1758.00 0.032638
1760.75 0.032519
1763.50 0.032239
1766.25 0.032148
1769.00 0.032026
1771.75 0.031929
1774.50 0.031860
1777.25 0.031895
1780.00 0.031875
1782.75 0.031974
1785.50 0.032045
1788.25 0.031920
1791.00 0.031731
1793.75 0.031458
1796.50 0.031293
1799.25 0.031048
1802.00 0.031012
1804.75 0.031008
1807.50 0.031006
1810.25 0.030980
1813.00 0.031075
1815.75 0.031055
1818.50 0.031048
1821.25 0.030916
1824.00 0.030812
1826.75 0.030717
1829.50 0.030671
1832.25 0.030666
1835.00 0.030871
1837.75 0.031022
1840.50 0.031290
1843.25 0.031632
1846.00 0.031894
1848.75 0.032317
1851.50 0.032869
1854.25 0.033181
1857.00 0.033460
1859.75 0.033614
1862.50 0.033626
1865.25 0.033549
1868.00 0.033487
1870.75 0.033433
1873.50 0.033602
1876.25 0.033864
1879.00 0.034395
1881.75 0.035147
1884.50 0.036104
1887.25 0.037234
1890.00 0.038272
1892.75 0.039274
1895.50 0.039904
1898.25 0.040307
1901.00 0.040974
1903.75 0.041784
1906.50 0.042519
1909.25 0.042329
1912.00 0.041148
1914.75 0.039681
1917.50 0.038061
1920.25 0.036616
1923.00 0.035324
1925.75 0.034344
1928.50 0.033474
1931.25 0.032561
1934.00 0.031845
1936.75 0.031201
1939.50 0.030659
1942.25 0.030248
1945.00 0.029925
1947.75 0.029663
1950.50 0.029412
1953.25 0.029149
1956.00 0.028940
1958.75 0.028637
1961.50 0.028312
1964.25 0.028133
1967.00 0.027870
1969.75 0.027721
1972.50 0.027581
1975.25 0.027358
1978.00 0.027363
1980.75 0.027339
1983.50 0.027301
1986.25 0.027357
1989.00 0.027291
1991.75 0.027303
1994.50 0.027155
1997.25 0.027155
2000.00 0.027096
2002.75 0.027030
2005.50 0.026894
2008.25 0.026808
2011.00 0.026587
2013.75 0.026550
2016.50 0.026457
2019.25 0.026329
2022.00 0.026287
2024.75 0.026166
2027.50 0.026134
2030.25 0.026079
2033.00 0.026069
2035.75 0.026045
2038.50 0.026080
2041.25 0.026076
2044.00 0.026101
2046.75 0.026161
2049.50 0.026214
2052.25 0.026305
2055.00 0.026401
2057.75 0.026591
2060.50 0.026753
2063.25 0.026869
2066.00 0.026913
2068.75 0.026941
2071.50 0.026931
2074.25 0.026877
2077.00 0.026756
2079.75 0.026718
2082.50 0.026626
2085.25 0.026493
2088.00 0.026384
2090.75 0.026238
2093.50 0.026075
2096.25 0.026006
2099.00 0.025871
2101.75 0.025728
2104.50 0.025599
2107.25 0.025427
2110.00 0.025387
2112.75 0.025166
2115.50 0.024984
2118.25 0.024852
2121.00 0.024660
2123.75 0.024565
2126.50 0.024414
2129.25 0.024328
2132.00 0.024280
2134.75 0.024176
2137.50 0.024267
2140.25 0.024085
2143.00 0.024081
2145.75 0.023973
2148.50 0.023805
2151.25 0.023701
2154.00 0.023578
2156.75 0.023492
2159.50 0.023475
2162.25 0.023425
2165.00 0.023505
2167.75 0.023491
2170.50 0.023407
2173.25 0.023466
2176.00 0.023339
2178.75 0.023301
2181.50 0.023218
2184.25 0.023116
2187.00 0.023018
2189.75 0.022852
2192.50 0.022322
2195.25 0.022660
2198.00 0.022559
2200.75 0.022476
2203.50 0.022469
2206.25 0.022554
2209.00 0.022528
2211.75 0.022594
2214.50 0.022662
2217.25 0.022645
2220.00 0.022653
2222.75 0.022593
2225.50 0.022576
2228.25 0.022477
2231.00 0.022375
2233.75 0.022281
2236.50 0.022191
2239.25 0.022143
2242.00 0.022154
2244.75 0.022139
2247.50 0.022187
2250.25 0.022193
2253.00 0.022298
2255.75 0.022298
2258.50 0.022325
2261.25 0.022342
2264.00 0.022398
2266.75 0.022442
2269.50 0.022495
2272.25 0.022545
2275.00 0.023191
2277.75 0.022891
2280.50 0.022780
2283.25 0.022867
2286.00 0.022896
2288.75 0.022984
2291.50 0.023049
2294.25 0.023142
2297.00 0.023245
2299.75 0.023274
2302.50 0.023339
2305.25 0.023402
2308.00 0.023400
2310.75 0.023378
2313.50 0.023455
2316.25 0.023502
2319.00 0.023614
2321.75 0.023742
2324.50 0.023867
2327.25 0.024006
2330.00 0.023918
2332.75 0.023726
2335.50 0.023560
2338.25 0.023405
2341.00 0.023246
2343.75 0.023133
2346.50 0.023043
2349.25 0.022922
2352.00 0.022849
2354.75 0.022757
2357.50 0.022765
2360.25 0.022670
2363.00 0.022572
2365.75 0.022572
2368.50 0.022491
2371.25 0.022408
2374.00 0.022422
2376.75 0.022361
2379.50 0.022397
2382.25 0.022399
2385.00 0.022433
2387.75 0.022422
2390.50 0.022423
2393.25 0.022437
2396.00 0.022442
2398.75 0.022458
2401.50 0.022462
2404.25 0.022463
2407.00 0.022504
2409.75 0.022658
2412.50 0.022717
2415.25 0.022887
2418.00 0.023114
2420.75 0.023306
2423.50 0.023383
2426.25 0.023238
2429.00 0.023003
2431.75 0.022903
2434.50 0.022878
2437.25 0.022819
2440.00 0.022745
2442.75 0.022685
2445.50 0.022566
2448.25 0.022436
2451.00 0.022415
2453.75 0.022295
2456.50 0.022277
2459.25 0.022314
2462.00 0.022313
2464.75 0.022442
2467.50 0.022426
2470.25 0.022476
2473.00 0.022380
2475.75 0.022385
2478.50 0.022332
2481.25 0.022181
2484.00 0.022285
2486.75 0.022267
2489.50 0.022220
2492.25 0.022125
2495.00 0.022194
2497.75 0.022133
2500.50 0.022135
2503.25 0.022029
2506.00 0.022060
2508.75 0.021952
2511.50 0.021965
2514.25 0.021890
2517.00 0.021750
2519.75 0.021737
2522.50 0.021653
2525.25 0.021680
2528.00 0.021594
2530.75 0.021554
2533.50 0.021585
2536.25 0.021521
2539.00 0.021552
2541.75 0.021428
2544.50 0.021407
2547.25 0.021333
2550.00 0.021246
2552.75 0.021211
2555.50 0.021102
2558.25 0.021015
2561.00 0.020933
2563.75 0.020905
2566.50 0.020856
2569.25 0.020789
2572.00 0.020730
2574.75 0.020606
2577.50 0.020610
2580.25 0.020557
2583.00 0.020498
2585.75 0.020391
2588.50 0.020423
2591.25 0.020384
2594.00 0.020337
2596.75 0.020293
2599.50 0.020233
2602.25 0.020221
2605.00 0.020233
2607.75 0.020227
2610.50 0.020220
2613.25 0.020238
2616.00 0.020240
2618.75 0.020230
2621.50 0.020193
2624.25 0.020157
2627.00 0.020134
2629.75 0.020004
2632.50 0.019901
2635.25 0.019755
2638.00 0.019598
2640.75 0.019441
2643.50 0.019328
2646.25 0.019168
2649.00 0.019021
2651.75 0.018932
2654.50 0.018863
2657.25 0.018832
2660.00 0.018833
2662.75 0.018867
2665.50 0.018899
2668.25 0.018968
2671.00 0.019007
2673.75 0.018964
2676.50 0.018956
2679.25 0.018925
2682.00 0.018917
2684.75 0.018895
2687.50 0.018919
2690.25 0.018933
2693.00 0.018972
2695.75 0.018996
2698.50 0.019014
2701.25 0.019068
2704.00 0.019112
2706.75 0.019194
2709.50 0.019295
2712.25 0.019367
2715.00 0.019465
2717.75 0.019565
2720.50 0.019636
2723.25 0.019711
2726.00 0.019771
2728.75 0.019846
2731.50 0.020031
2734.25 0.020075
2737.00 0.020127
2739.75 0.020212
2742.50 0.020329
2745.25 0.020398
2748.00 0.020474
2750.75 0.020591
2753.50 0.020691
2756.25 0.020784
2759.00 0.020847
2761.75 0.020912
2764.50 0.021021
2767.25 0.021220
2770.00 0.021417
2772.75 0.021699
2775.50 0.022085
2778.25 0.022551
2781.00 0.023204
2783.75 0.023948
2786.50 0.024777
2789.25 0.025770
2792.00 0.026824
2794.75 0.027821
2797.50 0.028487
2800.25 0.028653
2803.00 0.028436
2805.75 0.027870
2808.50 0.026947
2811.25 0.025872
2814.00 0.024882
2816.75 0.023910
2819.50 0.023081
2822.25 0.022464
2825.00 0.021888
2827.75 0.021484
2830.50 0.021205
2833.25 0.020939
2836.00 0.020676
2838.75 0.020482
2841.50 0.020229
2844.25 0.020038
2847.00 0.019852
2849.75 0.019654
2852.50 0.019481
2855.25 0.019284
2858.00 0.019130
2860.75 0.018990
2863.50 0.018852
2866.25 0.018715
2869.00 0.018593
2871.75 0.018493
2874.50 0.018385
2877.25 0.018240
2880.00 0.018140
2882.75 0.017981
2885.50 0.017950
2888.25 0.017847
2891.00 0.017725
2893.75 0.017637
2896.50 0.017536
2899.25 0.017396
2902.00 0.017364
2904.75 0.017247
2907.50 0.017230
2910.25 0.017147
2913.00 0.017130
2915.75 0.017123
2918.50 0.017192
2921.25 0.017178
2924.00 0.017344
2926.75 0.017384
2929.50 0.017455
2932.25 0.017571
2935.00 0.017519
2937.75 0.017555
2940.50 0.017537
2943.25 0.017600
2946.00 0.017546
2948.75 0.017535
2951.50 0.017470
2954.25 0.017446
2957.00 0.017424
2959.75 0.017420
2962.50 0.017383
2965.25 0.017341
2968.00 0.017294
2970.75 0.017228
2973.50 0.017228
2976.25 0.017120
2979.00 0.017071
2981.75 0.016995
2984.50 0.016901
2987.25 0.016770
2990.00 0.016706
2992.75 0.016535
2995.50 0.016361
2998.25 0.016345
3001.00 0.016126
3003.75 0.016027
3006.50 0.015892
3009.25 0.015793
3012.00 0.015625
3014.75 0.015489
3017.50 0.015388
3020.25 0.015314
3023.00 0.015241
3025.75 0.015161
3028.50 0.015128
3031.25 0.015119
3034.00 0.015091
3036.75 0.015083
3039.50 0.015078
3042.25 0.015089
3045.00 0.015091
3047.75 0.015088
3050.50 0.015093
3053.25 0.015064
3056.00 0.015078
3058.75 0.015050
3061.50 0.014993
3064.25 0.015009
3067.00 0.015032
3069.75 0.015022
3072.50 0.015034
3075.25 0.015019
3078.00 0.015020
3080.75 0.015013
3083.50 0.015004
3086.25 0.014982
3089.00 0.014949
3091.75 0.014944
3094.50 0.014924
3097.25 0.014921
3100.00 0.014939
3102.75 0.015007
3105.50 0.015054
3108.25 0.015101
3111.00 0.015158
3113.75 0.015279
3116.50 0.015366
3119.25 0.015378
3122.00 0.015451
3124.75 0.015469
3127.50 0.015497
3130.25 0.015543
3133.00 0.015594
3135.75 0.015492
3138.50 0.015407
3141.25 0.015316
3144.00 0.015300
3146.75 0.015213
3149.50 0.015254
3152.25 0.015294
3155.00 0.015251
3157.75 0.015141
3160.50 0.015190
3163.25 0.015266
3166.00 0.015269
3168.75 0.015335
3171.50 0.015391
3174.25 0.015414
3177.00 0.015438
3179.75 0.015418
3182.50 0.015469
3185.25 0.015549
3188.00 0.015563
3190.75 0.015596
3193.50 0.015550
3196.25 0.015544
3199.00 0.015509
3201.75 0.015518
3204.50 0.015473
3207.25 0.015343
3210.00 0.015261
3212.75 0.015194
3215.50 0.015193
3218.25 0.015179
3221.00 0.015050
3223.75 0.015027
3226.50 0.015043
3229.25 0.015013
3232.00 0.014946
3234.75 0.014909
3237.50 0.014798
3240.25 0.014775
3243.00 0.014759
3245.75 0.014693
3248.50 0.014624
3251.25 0.014638
3254.00 0.014680
3256.75 0.014610
3259.50 0.014663
3262.25 0.014674
3265.00 0.014630
3267.75 0.014594
3270.50 0.014560
3273.25 0.014533
3276.00 0.014496
3278.75 0.014484
3281.50 0.014456
3284.25 0.014449
3287.00 0.014402
3289.75 0.014345
3292.50 0.014307
3295.25 0.014269
3298.00 0.014271
3300.75 0.014185
3303.50 0.014042
3306.25 0.013995
3309.00 0.013949
3311.75 0.013890
3314.50 0.013852
3317.25 0.013752
3320.00 0.013713
3322.75 0.013703
3325.50 0.013677
3328.25 0.013638
3331.00 0.013645
3333.75 0.013610
3336.50 0.013656
3339.25 0.013650
3342.00 0.013749
3344.75 0.013803
3347.50 0.013743
3350.25 0.013526
3353.00 0.013438
3355.75 0.013360
3358.50 0.013352
3361.25 0.013355
3364.00 0.013344
3366.75 0.013288
3369.50 0.013319
3372.25 0.013278
3375.00 0.013258
3377.75 0.013260
3380.50 0.013268
3383.25 0.013231
3386.00 0.013269
3388.75 0.013296
3391.50 0.013330
3394.25 0.013279
3397.00 0.013273
3399.75 0.013300
3402.50 0.013366
3405.25 0.013398
3408.00 0.013422
3410.75 0.013446
3413.50 0.013537
3416.25 0.013599
3419.00 0.013755
3421.75 0.013823
3424.50 0.014014
3427.25 0.013991
3430.00 0.013662
3432.75 0.013358
3435.50 0.013192
3438.25 0.013141
3441.00 0.013066
3443.75 0.013053
3446.50 0.013011
3449.25 0.012994
3452.00 0.013001
3454.75 0.013012
3457.50 0.012993
3460.25 0.012901
3463.00 0.012955
3465.75 0.012959
3468.50 0.012965
3471.25 0.012987
3474.00 0.012933
3476.75 0.012870
3479.50 0.012857
3482.25 0.012865
3485.00 0.012838
3487.75 0.012871
3490.50 0.012806
3493.25 0.012752
3496.00 0.012734
3498.75 0.012674
3501.50 0.012689
3504.25 0.012674
3507.00 0.012612
3509.75 0.012465
3512.50 0.012437
3515.25 0.012446
3518.00 0.012367
3520.75 0.012307
3523.50 0.012218
3526.25 0.012150
3529.00 0.012092
3531.75 0.012034
3534.50 0.012010
3537.25 0.011953
3540.00 0.011928
3542.75 0.011924
3545.50 0.011856
3548.25 0.011822
3551.00 0.011789
3553.75 0.011772
3556.50 0.011776
3559.25 0.011766
3562.00 0.011765
3564.75 0.011739
3567.50 0.011798
3570.25 0.011778
3573.00 0.011791
3575.75 0.011852
3578.50 0.011841
3581.25 0.011836
3584.00 0.011817
3586.75 0.011829
3589.50 0.011773
3592.25 0.011790
3595.00 0.011700
3597.75 0.011732
3600.50 0.011722
3603.25 0.011739
3606.00 0.011664
3608.75 0.011661
3611.50 0.011637
3614.25 0.011599
3617.00 0.011623
3619.75 0.011584
3622.50 0.011576
3625.25 0.011574
3628.00 0.011640
3630.75 0.011577
3633.50 0.011560
3636.25 0.011482
3639.00 0.011490
3641.75 0.011459
3644.50 0.011428
3647.25 0.011407
3650.00 0.011359
3652.75 0.011369
3655.50 0.011377
3658.25 0.011385
3661.00 0.011370
3663.75 0.011340
3666.50 0.011275
3669.25 0.011265
3672.00 0.011257
3674.75 0.011211
3677.50 0.011215
3680.25 0.011190
3683.00 0.011146
3685.75 0.011166
3688.50 0.011082
3691.25 0.011123
3694.00 0.011118
3696.75 0.011118
3699.50 0.011057
3702.25 0.011059
3705.00 0.011046
3707.75 0.010981
3710.50 0.010978
3713.25 0.011046
3716.00 0.011076
3718.75 0.011064
3721.50 0.011079
3724.25 0.011306
3727.00 0.012126
3729.75 0.012640
3732.50 0.012137
3735.25 0.011258
3738.00 0.010956
3740.75 0.011021
3743.50 0.010985
3746.25 0.010962
3749.00 0.010881
3751.75 0.010911
3754.50 0.011041
3757.25 0.011073
3760.00 0.011028
3762.75 0.010978
3765.50 0.010900
3768.25 0.010813
3771.00 0.010696
3773.75 0.010668
3776.50 0.010662
3779.25 0.010664
3782.00 0.010710
3784.75 0.010675
3787.50 0.010541
3790.25 0.010453
3793.00 0.010416
3795.75 0.010314
3798.50 0.010181
3801.25 0.010150
3804.00 0.010179
3806.75 0.010214
3809.50 0.010289
3812.25 0.010234
3815.00 0.010236
3817.75 0.010258
3820.50 0.010225
3823.25 0.010312
3826.00 0.010234
3828.75 0.010163
3831.50 0.010136
3834.25 0.010045
3837.00 0.010045
3839.75 0.009981
3842.50 0.010132
3845.25 0.010209
3848.00 0.010322
3850.75 0.010286
3853.50 0.010491
3856.25 0.010554
3859.00 0.010490
3861.75 0.010639
3864.50 0.010830
3867.25 0.011143
3870.00 0.011385
3872.75 0.011023
3875.50 0.010718
3878.25 0.010458
3881.00 0.010363
3883.75 0.010325
3886.50 0.010202
3889.25 0.010312
3892.00 0.010248
3894.75 0.010079
3897.50 0.010117
3900.25 0.010047
3903.00 0.010002
3905.75 0.009998
3908.50 0.009883
3911.25 0.009871
3914.00 0.009912
3916.75 0.009867
3919.50 0.009866
3922.25 0.009829
3925.00 0.009802
3927.75 0.009686
3930.50 0.009481
3933.25 0.009416
3936.00 0.009361
3938.75 0.009429
3941.50 0.009535
3944.25 0.009595
3947.00 0.009692
3949.75 0.009687
3952.50 0.009801
3955.25 0.009792
3958.00 0.009765
3960.75 0.009825
3963.50 0.009721
3966.25 0.009709
3969.00 0.009734
3971.75 0.009567
3974.50 0.009497
3977.25 0.009388
3980.00 0.009548
3982.75 0.009542
3985.50 0.009506
3988.25 0.009432
3991.00 0.009427
3993.75 0.009392
3996.50 0.009343
3999.25 0.009305
4002.00 0.009264
4004.75 0.009247
4007.50 0.009190
4010.25 0.009211
4013.00 0.009205
4015.75 0.009235
4018.50 0.009245
4021.25 0.009272
4024.00 0.009216
4026.75 0.009203
4029.50 0.009192
4032.25 0.009065
4035.00 0.009032
4037.75 0.009091
4040.50 0.009222
4043.25 0.009148
4046.00 0.009043
4048.75 0.009030
4051.50 0.009118
4054.25 0.009123
4057.00 0.009155
4059.75 0.009077
4062.50 0.009187
4065.25 0.009194
4068.00 0.009280
4070.75 0.009340
4073.50 0.009402
4076.25 0.009389
4079.00 0.009436
4081.75 0.009443
4084.50 0.009525
4087.25 0.009529
4090.00 0.009589
4092.75 0.009634
4095.50 0.009720
4098.25 0.009641
4101.00 0.009696
4103.75 0.009682
4106.50 0.009611
4109.25 0.009537
4112.00 0.009513
4114.75 0.009502
4117.50 0.009484
4120.25 0.009374
4123.00 0.009369
4125.75 0.009363
4128.50 0.009278
4131.25 0.009116
4134.00 0.009074
4136.75 0.009013
4139.50 0.009054
4142.25 0.008974
4145.00 0.008863
4147.75 0.008868
4150.50 0.008861
4153.25 0.008834
4156.00 0.008799
4158.75 0.008756
4161.50 0.008833
4164.25 0.008824
4167.00 0.008838
4169.75 0.008858
4172.50 0.008766
4175.25 0.008777
4178.00 0.008782
4180.75 0.008872
4183.50 0.008798
4186.25 0.008789
4189.00 0.008791
4191.75 0.008749
4194.50 0.008665
4197.25 0.008668
4200.00 0.008592
4202.75 0.008537
4205.50 0.008541
4208.25 0.008553
4211.00 0.008547
4213.75 0.008593
4216.50 0.008535
4219.25 0.008642
4222.00 0.008653
4224.75 0.008713
4227.50 0.008619
4230.25 0.008639
4233.00 0.008751
4235.75 0.008805
4238.50 0.008823
4241.25 0.008880
4244.00 0.008924
4246.75 0.008928
4249.50 0.008775
4252.25 0.008732
4255.00 0.008771
4257.75 0.008759
4260.50 0.008768
4263.25 0.008749
4266.00 0.008856
4268.75 0.008891
4271.50 0.008783
4274.25 0.008736
4277.00 0.008818
4279.75 0.008950
4282.50 0.008971
4285.25 0.009017
4288.00 0.009090
4290.75 0.009028
4293.50 0.009066
4296.25 0.009182
4299.00 0.009123
4301.75 0.009174
4304.50 0.009164
4307.25 0.009247
4310.00 0.009329
4312.75 0.009467
4315.50 0.009639
4318.25 0.009800
4321.00 0.009962
4323.75 0.009973
4326.50 0.009999
4329.25 0.010170
4332.00 0.010358
4334.75 0.010466
4337.50 0.010654
4340.25 0.010814
4343.00 0.010873
4345.75 0.010743
4348.50 0.010672
4351.25 0.010604
4354.00 0.010531
4356.75 0.010519
4359.50 0.010498
4362.25 0.010485
4365.00 0.010417
4367.75 0.010252
4370.50 0.009965
4373.25 0.009770
4376.00 0.009608
4378.75 0.009576
4381.50 0.009390
4384.25 0.009239
4387.00 0.009206
4389.75 0.009191
4392.50 0.009100
4395.25 0.009150
4398.00 0.009128
4400.75 0.009033
4403.50 0.008910
4406.25 0.008836
4409.00 0.008901
4411.75 0.008920
4414.50 0.008928
4417.25 0.008812
4420.00 0.008893
4422.75 0.008782
4425.50 0.008740
4428.25 0.008737
4431.00 0.008694
4433.75 0.008618
4436.50 0.008579
4439.25 0.008587
4442.00 0.008579
4444.75 0.008641
4447.50 0.008646
4450.25 0.008656
4453.00 0.008653
4455.75 0.008668
4458.50 0.008604
4461.25 0.008593
4464.00 0.008674
4466.75 0.008688
4469.50 0.008770
4472.25 0.008871
4475.00 0.008920
4477.75 0.008988
4480.50 0.008909
4483.25 0.008846
4486.00 0.008964
4488.75 0.009035
4491.50 0.008979
4494.25 0.009029
4497.00 0.009056
4499.75 0.009111
4502.50 0.009150
4505.25 0.009199
4508.00 0.009289
4510.75 0.009359
4513.50 0.009428
4516.25 0.009372
4519.00 0.009404
4521.75 0.009393
4524.50 0.009386
4527.25 0.009321
4530.00 0.009211
4532.75 0.009202
4535.50 0.009178
4538.25 0.009241
4541.00 0.009363
4543.75 0.009362
4546.50 0.009298
4549.25 0.009336
4552.00 0.009286
4554.75 0.009289
4557.50 0.009318
4560.25 0.009433
4563.00 0.009443
4565.75 0.009411
4568.50 0.009385
4571.25 0.009322
4574.00 0.009384
4576.75 0.009367
4579.50 0.009370
4582.25 0.009294
4585.00 0.009293
4587.75 0.009222
4590.50 0.009220
4593.25 0.009176
4596.00 0.009114
4598.75 0.009055
4601.50 0.009010
4604.25 0.009009
4607.00 0.008962
4609.75 0.008983
4612.50 0.009043
4615.25 0.008965
4618.00 0.008998
4620.75 0.009069
4623.50 0.009089
4626.25 0.009136
4629.00 0.009084
4631.75 0.009097
4634.50 0.009053
4637.25 0.009060
4640.00 0.009008
4642.75 0.008947
4645.50 0.008859
4648.25 0.008775
4651.00 0.008729
4653.75 0.008734
4656.50 0.008792
4659.25 0.008794
4662.00 0.008829
4664.75 0.008714
4667.50 0.008648
4670.25 0.008562
4673.00 0.008648
4675.75 0.008646
4678.50 0.008618
4681.25 0.008702
4684.00 0.008705
4686.75 0.008814
4689.50 0.008713
4692.25 0.008497
4695.00 0.008460
4697.75 0.008407
4700.50 0.008352
4703.25 0.008260
4706.00 0.008188
4708.75 0.008200
4711.50 0.008249
4714.25 0.008260
4717.00 0.008300
4719.75 0.008297
4722.50 0.008296
4725.25 0.008311
4728.00 0.008295
4730.75 0.008223
4733.50 0.008205
4736.25 0.008237
4739.00 0.008258
4741.75 0.008260
4744.50 0.008262
4747.25 0.008257
4750.00 0.008248
4752.75 0.008212
4755.50 0.008195
4758.25 0.008202
4761.00 0.008213
4763.75 0.008100
4766.50 0.008083
4769.25 0.008196
4772.00 0.008253
4774.75 0.008308
4777.50 0.008384
4780.25 0.008402
4783.00 0.008409
4785.75 0.008418
4788.50 0.008524
4791.25 0.008525
4794.00 0.008646
4796.75 0.008747
4799.50 0.008808
4802.25 0.008838
4805.00 0.008945
4807.75 0.009059
4810.50 0.009117
4813.25 0.009314
4816.00 0.009447
4818.75 0.009576
4821.50 0.009762
4824.25 0.009864
4827.00 0.009966
4829.75 0.010172
4832.50 0.010400
4835.25 0.010557
4838.00 0.010809
4840.75 0.011111
4843.50 0.011360
4846.25 0.011695
4849.00 0.011999
4851.75 0.012356
4854.50 0.012745
4857.25 0.013098
4860.00 0.013724
4862.75 0.014416
4865.50 0.014238
4868.25 0.013339
4871.00 0.012738
4873.75 0.012440
4876.50 0.012152
4879.25 0.011928
4882.00 0.011631
4884.75 0.011436
4887.50 0.011080
4890.25 0.010855
4893.00 0.010742
4895.75 0.010630
4898.50 0.010543
4901.25 0.010353
4904.00 0.010212
4906.75 0.010084
4909.50 0.009949
4912.25 0.009838
4915.00 0.009770
4917.75 0.009705
4920.50 0.009622
4923.25 0.009495
4926.00 0.009485
4928.75 0.009494
4931.50 0.009588
4934.25 0.009434
4937.00 0.009321
4939.75 0.009268
4942.50 0.009239
4945.25 0.009355
4948.00 0.009435
4950.75 0.009618
4953.50 0.009986
4956.25 0.010734
4959.00 0.012061
4961.75 0.012314
4964.50 0.010686
4967.25 0.009301
4970.00 0.008893
4972.75 0.008763
4975.50 0.008686
4978.25 0.008716
4981.00 0.008653
4983.75 0.008690
4986.50 0.008768
4989.25 0.008999
4992.00 0.009371
4994.75 0.009764
4997.50 0.010376
5000.25 0.011364
5003.00 0.013251
5005.75 0.016955
5008.50 0.020156
5011.25 0.017357
5014.00 0.012553
5016.75 0.010023
5019.50 0.009314
5022.25 0.008981
5025.00 0.008848
5027.75 0.008795
5030.50 0.008731
5033.25 0.008687
5036.00 0.008584
5038.75 0.008407
5041.50 0.008259
5044.25 0.008190
5047.00 0.008260
5049.75 0.008207
5052.50 0.008057
5055.25 0.008123
5058.00 0.008123
5060.75 0.008186
5063.50 0.008116
5066.25 0.008003
5069.00 0.007922
5071.75 0.007896
5074.50 0.007835
5077.25 0.007802
5080.00 0.007717
5082.75 0.007705
5085.50 0.007663
5088.25 0.007743
5091.00 0.007776
5093.75 0.007792
5096.50 0.007731
5099.25 0.007690
5102.00 0.007679
5104.75 0.007672
5107.50 0.007691
5110.25 0.007651
5113.00 0.007708
5115.75 0.007750
5118.50 0.007764
5121.25 0.007808
5124.00 0.007759
5126.75 0.007737
5129.50 0.007729
5132.25 0.007772
5135.00 0.007880
5137.75 0.007900
5140.50 0.007881
5143.25 0.007915
5146.00 0.007939
5148.75 0.007985
5151.50 0.008032
5154.25 0.008027
5157.00 0.008165
5159.75 0.008316
5162.50 0.008282
5165.25 0.008211
5168.00 0.008085
5170.75 0.007940
5173.50 0.007993
5176.25 0.008101
5179.00 0.008221
5181.75 0.008183
5184.50 0.008016
5187.25 0.007975
5190.00 0.008029
5192.75 0.008084
5195.50 0.008137
5198.25 0.008230
5201.00 0.008362
5203.75 0.008285
5206.50 0.008113
5209.25 0.007964
5212.00 0.007965
5214.75 0.008052
5217.50 0.008100
5220.25 0.008077
5223.00 0.008168
5225.75 0.008020
5228.50 0.007975
5231.25 0.008052
5234.00 0.008087
5236.75 0.008145
5239.50 0.008169
5242.25 0.008229
5245.00 0.008233
5247.75 0.008145
5250.50 0.008123
5253.25 0.008104
5256.00 0.008150
5258.75 0.008177
5261.50 0.008212
5264.25 0.008103
5267.00 0.007937
5269.75 0.007922
5272.50 0.008010
5275.25 0.008169
5278.00 0.008292
5280.75 0.008258
5283.50 0.008319
5286.25 0.008262
5289.00 0.008352
5291.75 0.008333
5294.50 0.008354
5297.25 0.008273
5300.00 0.008194
5302.75 0.008182
5305.50 0.008310
5308.25 0.008420
5311.00 0.008371
5313.75 0.008435
5316.50 0.008378
5319.25 0.008317
5322.00 0.008281
5324.75 0.008239
5327.50 0.008124
5330.25 0.008018
5333.00 0.008001
5335.75 0.008031
5338.50 0.008018
5341.25 0.007994
5344.00 0.007935
5346.75 0.007875
5349.50 0.007876
5352.25 0.007892
5355.00 0.007976
5357.75 0.008034
5360.50 0.008004
5363.25 0.007993
5366.00 0.007900
5368.75 0.007794
5371.50 0.007724
5374.25 0.007682
5377.00 0.007735
5379.75 0.007814
5382.50 0.007716
5385.25 0.007654
5388.00 0.007690
5390.75 0.007659
5393.50 0.007577
5396.25 0.007532
5399.00 0.007461
5401.75 0.007493
5404.50 0.007456
5407.25 0.007449
5410.00 0.007418
5412.75 0.007561
5415.50 0.007576
5418.25 0.007680
5421.00 0.007664
5423.75 0.007639
5426.50 0.007635
5429.25 0.007597
5432.00 0.007527
5434.75 0.007505
5437.50 0.007506
5440.25 0.007615
5443.00 0.007624
5445.75 0.007573
5448.50 0.007441
5451.25 0.007439
5454.00 0.007399
5456.75 0.007348
5459.50 0.007360
5462.25 0.007396
5465.00 0.007372
5467.75 0.007411
5470.50 0.007490
5473.25 0.007382
5476.00 0.007348
5478.75 0.007332
5481.50 0.007331
5484.25 0.007371
5487.00 0.007392
5489.75 0.007423
5492.50 0.007424
5495.25 0.007448
5498.00 0.007455
5500.75 0.007422
5503.50 0.007424
5506.25 0.007393
5509.00 0.007379
5511.75 0.007425
5514.50 0.007406
5517.25 0.007475
5520.00 0.007505
5522.75 0.007519
5525.50 0.007490
5528.25 0.007464
5531.00 0.007416
5533.75 0.007466
5536.50 0.007551
5539.25 0.007454
5542.00 0.007558
5544.75 0.007513
5547.50 0.007535
5550.25 0.007545
5553.00 0.007496
5555.75 0.007516
5558.50 0.007441
5561.25 0.007413
5564.00 0.007345
5566.75 0.007348
5569.50 0.007341
5572.25 0.007366
5575.00 0.007276
5577.75 0.007422
5580.50 0.007480
5583.25 0.007356
5586.00 0.007269
5588.75 0.007199
5591.50 0.007188
5594.25 0.007228
5597.00 0.007242
5599.75 0.007209
5602.50 0.007231
5605.25 0.007329
5608.00 0.007364
5610.75 0.007383
5613.50 0.007402
5616.25 0.007317
5619.00 0.007243
5621.75 0.007246
5624.50 0.007250
5627.25 0.007335
5630.00 0.007355
5632.75 0.007321
5635.50 0.007351
5638.25 0.007268
5641.00 0.007300
5643.75 0.007282
5646.50 0.007252
5649.25 0.007261
5652.00 0.007332
5654.75 0.007302
5657.50 0.007314
5660.25 0.007250
5663.00 0.007303
5665.75 0.007277
5668.50 0.007267
5671.25 0.007310
5674.00 0.007397
5676.75 0.007442
5679.50 0.007460
5682.25 0.007397
5685.00 0.007390
5687.75 0.007292
5690.50 0.007316
5693.25 0.007358
5696.00 0.007411
5698.75 0.007405
5701.50 0.007363
5704.25 0.007333
5707.00 0.007291
5709.75 0.007290
5712.50 0.007309
5715.25 0.007463
5718.00 0.007560
5720.75 0.007685
5723.50 0.007669
5726.25 0.007598
5729.00 0.007553
5731.75 0.007474
5734.50 0.007469
5737.25 0.007459
5740.00 0.007439
5742.75 0.007471
5745.50 0.007527
5748.25 0.007491
5751.00 0.007479
5753.75 0.007534
5756.50 0.007477
5759.25 0.007525
5762.00 0.007480
5764.75 0.007399
5767.50 0.007484
5770.25 0.007475
5773.00 0.007560
5775.75 0.007448
5778.50 0.007496
5781.25 0.007404
5784.00 0.007367
5786.75 0.007331
5789.50 0.007384
5792.25 0.007457
5795.00 0.007503
5797.75 0.007549
5800.50 0.007557
5803.25 0.007637
5806.00 0.007641
5808.75 0.007631
5811.50 0.007685
5814.25 0.007644
5817.00 0.007656
5819.75 0.007773
5822.50 0.007755
5825.25 0.007675
5828.00 0.007796
5830.75 0.007888
5833.50 0.007817
5836.25 0.007821
5839.00 0.007806
5841.75 0.007831
5844.50 0.007838
5847.25 0.007919
5850.00 0.007899
5852.75 0.007876
5855.50 0.007853
5858.25 0.007927
5861.00 0.008013
5863.75 0.007931
5866.50 0.007989
5869.25 0.008158
5872.00 0.008230
5874.75 0.008423
5877.50 0.008503
5880.25 0.008422
5883.00 0.008271
5885.75 0.008104
5888.50 0.007931
5891.25 0.007743
5894.00 0.007637
5896.75 0.007608
5899.50 0.007747
5902.25 0.007788
5905.00 0.007903
5907.75 0.007926
5910.50 0.007861
5913.25 0.007924
5916.00 0.007820
5918.75 0.007742
5921.50 0.007751
5924.25 0.007772
5927.00 0.007740
5929.75 0.007696
5932.50 0.007712
5935.25 0.007694
5938.00 0.007707
5940.75 0.007698
5943.50 0.007682
5946.25 0.007633
5949.00 0.007575
5951.75 0.007661
5954.50 0.007635
5957.25 0.007581
5960.00 0.007632
5962.75 0.007667
5965.50 0.007679
5968.25 0.007636
5971.00 0.007673
5973.75 0.007649
5976.50 0.007678
5979.25 0.007616
5982.00 0.007570
5984.75 0.007610
5987.50 0.007562
5990.25 0.007554
5993.00 0.007582
5995.75 0.007564
5998.50 0.007581
6001.25 0.007556
6004.00 0.007581
6006.75 0.007500
6009.50 0.007448
6012.25 0.007498
6015.00 0.007486
6017.75 0.007415
6020.50 0.007403
6023.25 0.007422
6026.00 0.007429
6028.75 0.007426
6031.50 0.007498
6034.25 0.007514
6037.00 0.007551
6039.75 0.007535
6042.50 0.007550
6045.25 0.007534
6048.00 0.007621
6050.75 0.007632
6053.50 0.007545
6056.25 0.007578
6059.00 0.007552
6061.75 0.007588
6064.50 0.007611
6067.25 0.007644
6070.00 0.007641
6072.75 0.007726
6075.50 0.007780
6078.25 0.007757
6081.00 0.007787
6083.75 0.007820
6086.50 0.007854
6089.25 0.007841
6092.00 0.007706
6094.75 0.007551
6097.50 0.007545
6100.25 0.007602
6103.00 0.007471
6105.75 0.007480
6108.50 0.007483
6111.25 0.007573
6114.00 0.007587
6116.75 0.007521
6119.50 0.007480
6122.25 0.007453
6125.00 0.007423
6127.75 0.007502
6130.50 0.007490
6133.25 0.007541
6136.00 0.007395
6138.75 0.007384
6141.50 0.007385
6144.25 0.007476
6147.00 0.007545
6149.75 0.007521
6152.50 0.007556
6155.25 0.007500
6158.00 0.007463
6160.75 0.007291
6163.50 0.007295
6166.25 0.007196
6169.00 0.007216
6171.75 0.007295
6174.50 0.007335
6177.25 0.007317
6180.00 0.007385
6182.75 0.007392
6185.50 0.007462
6188.25 0.007463
6191.00 0.007411
6193.75 0.007346
6196.50 0.007401
6199.25 0.007429
6202.00 0.007447
6204.75 0.007435
6207.50 0.007446
6210.25 0.007473
6213.00 0.007457
6215.75 0.007375
6218.50 0.007288
6221.25 0.007402
6224.00 0.007344
6226.75 0.007405
6229.50 0.007376
6232.25 0.007394
6235.00 0.007487
6237.75 0.007470
6240.50 0.007480
6243.25 0.007409
6246.00 0.007425
6248.75 0.007470
6251.50 0.007507
6254.25 0.007544
6257.00 0.007373
6259.75 0.007292
6262.50 0.007413
6265.25 0.007489
6268.00 0.007509
6270.75 0.007496
6273.50 0.007528
6276.25 0.007615
6279.00 0.007626
6281.75 0.007575
6284.50 0.007575
6287.25 0.007491
6290.00 0.007630
6292.75 0.007633
6295.50 0.007764
6298.25 0.007978
6301.00 0.008471
6303.75 0.008471
6306.50 0.008099
6309.25 0.007907
6312.00 0.007843
6314.75 0.007729
6317.50 0.007761
6320.25 0.007699
6323.00 0.007655
6325.75 0.007696
6328.50 0.007806
6331.25 0.007767
6334.00 0.007739
6336.75 0.007760
6339.50 0.007717
6342.25 0.007832
6345.00 0.007834
6347.75 0.007894
6350.50 0.007913
6353.25 0.007929
6356.00 0.008008
6358.75 0.007984
6361.50 0.007934
6364.25 0.008107
6367.00 0.008142
6369.75 0.008263
6372.50 0.008203
6375.25 0.008172
6378.00 0.008168
6380.75 0.008123
6383.50 0.008093
6386.25 0.008153
6389.00 0.008139
6391.75 0.008126
6394.50 0.008052
6397.25 0.008053
6400.00 0.008115
6402.75 0.008043
6405.50 0.008102
6408.25 0.008141
6411.00 0.008201
6413.75 0.008265
6416.50 0.008271
6419.25 0.008272
6422.00 0.008266
6424.75 0.008325
6427.50 0.008484
6430.25 0.008458
6433.00 0.008613
6435.75 0.008531
6438.50 0.008608
6441.25 0.008763
6444.00 0.008759
6446.75 0.008785
6449.50 0.008823
6452.25 0.008899
6455.00 0.008908
6457.75 0.009090
6460.50 0.009092
6463.25 0.009336
6466.00 0.009321
6468.75 0.009489
6471.50 0.009678
6474.25 0.009629
6477.00 0.009811
6479.75 0.010028
6482.50 0.010055
6485.25 0.010205
6488.00 0.010386
6490.75 0.010526
6493.50 0.010719
6496.25 0.010759
6499.00 0.011008
6501.75 0.011166
6504.50 0.011542
6507.25 0.011971
6510.00 0.012284
6512.75 0.012623
6515.50 0.012934
6518.25 0.013335
6521.00 0.013797
6523.75 0.014253
6526.50 0.014737
6529.25 0.015307
6532.00 0.015879
6534.75 0.016390
6537.50 0.017220
6540.25 0.018027
6543.00 0.019039
6545.75 0.020293
6548.50 0.022184
6551.25 0.023567
6554.00 0.024131
6556.75 0.024862
6559.50 0.026752
6562.25 0.030456
6565.00 0.033507
6567.75 0.032020
6570.50 0.027753
6573.25 0.024707
6576.00 0.023341
6578.75 0.022782
6581.50 0.023358
6584.25 0.024768
6587.00 0.024720
6589.75 0.021816
6592.50 0.018972
6595.25 0.017112
6598.00 0.016328
6600.75 0.015632
6603.50 0.015031
6606.25 0.014565
6609.00 0.014060
6611.75 0.013586
6614.50 0.013231
6617.25 0.012812
6620.00 0.012488
6622.75 0.012185
6625.50 0.011911
6628.25 0.011555
6631.00 0.011290
6633.75 0.011003
6636.50 0.010870
6639.25 0.010559
6642.00 0.010511
6644.75 0.010308
6647.50 0.010190
6650.25 0.010125
6653.00 0.009895
6655.75 0.009783
6658.50 0.009673
6661.25 0.009564
6664.00 0.009517
6666.75 0.009361
6669.50 0.009300
6672.25 0.009277
6675.00 0.009230
6677.75 0.009104
6680.50 0.009068
6683.25 0.008934
6686.00 0.008938
6688.75 0.008793
6691.50 0.008827
6694.25 0.008763
6697.00 0.008599
6699.75 0.008551
6702.50 0.008552
6705.25 0.008505
6708.00 0.008469
6710.75 0.008551
6713.50 0.008805
6716.25 0.009463
6719.00 0.009988
6721.75 0.009644
6724.50 0.008925
6727.25 0.008590
6730.00 0.009054
6732.75 0.009525
6735.50 0.009449
6738.25 0.008750
6741.00 0.008188
6743.75 0.008009
6746.50 0.007820
6749.25 0.007844
6752.00 0.007758
6754.75 0.007870
6757.50 0.007769
6760.25 0.007905
6763.00 0.007970
6765.75 0.007843
6768.50 0.007756
6771.25 0.007751
6774.00 0.007728
6776.75 0.007790
6779.50 0.007804
6782.25 0.007778
6785.00 0.007737
6787.75 0.007669
6790.50 0.007717
6793.25 0.007687
6796.00 0.007668
6798.75 0.007711
6801.50 0.007682
6804.25 0.007836
6807.00 0.007798
6809.75 0.007738
6812.50 0.007704
6815.25 0.007774
6818.00 0.007806
6820.75 0.007719
6823.50 0.007729
6826.25 0.007723
6829.00 0.007682
6831.75 0.007797
6834.50 0.007673
6837.25 0.007598
6840.00 0.007663
6842.75 0.007513
6845.50 0.007482
6848.25 0.007526
6851.00 0.007604
6853.75 0.007570
6856.50 0.007540
6859.25 0.007613
6862.00 0.007705
6864.75 0.007501
6867.50 0.007553
6870.25 0.007650
6873.00 0.007574
6875.75 0.007603
6878.50 0.007620
6881.25 0.007655
6884.00 0.007517
6886.75 0.007559
6889.50 0.007554
6892.25 0.007702
6895.00 0.007717
6897.75 0.007692
6900.50 0.007752
6903.25 0.007632
6906.00 0.007613
6908.75 0.007587
6911.50 0.007602
6914.25 0.007637
6917.00 0.007547
6919.75 0.007561
6922.50 0.007582
6925.25 0.007528
6928.00 0.007442
6930.75 0.007568
6933.50 0.007522
6936.25 0.007577
6939.00 0.007619
6941.75 0.007581
6944.50 0.007625
6947.25 0.007512
6950.00 0.007548
6952.75 0.007720
6955.50 0.007520
6958.25 0.007467
6961.00 0.007577
6963.75 0.007662
6966.50 0.007621
6969.25 0.007563
6972.00 0.007627
6974.75 0.007726
6977.50 0.007621
6980.25 0.007613
6983.00 0.007641
6985.75 0.007686
6988.50 0.007764
6991.25 0.007673
6994.00 0.007816
6996.75 0.007742
6999.50 0.007728
7002.25 0.007690
7005.00 0.007726
7007.75 0.007760
7010.50 0.007659
7013.25 0.007694
7016.00 0.007746
7018.75 0.007702
7021.50 0.007637
7024.25 0.007742
7027.00 0.007772
7029.75 0.007794
7032.50 0.007808
7035.25 0.007897
7038.00 0.007927
7040.75 0.008001
7043.50 0.008055
7046.25 0.008181
7049.00 0.008080
7051.75 0.008014
7054.50 0.008009
7057.25 0.007970
7060.00 0.008006
7062.75 0.008000
7065.50 0.008039
7068.25 0.007976
7071.00 0.007862
7073.75 0.007969
7076.50 0.007940
7079.25 0.007994
7082.00 0.007832
7084.75 0.007849
7087.50 0.007731
7090.25 0.007708
7093.00 0.007679
7095.75 0.007718
7098.50 0.007714
7101.25 0.007633
7104.00 0.007555
7106.75 0.007688
7109.50 0.007640
7112.25 0.007551
7115.00 0.007586
7117.75 0.007640
7120.50 0.007493
7123.25 0.007445
7126.00 0.007446
7128.75 0.007507
7131.50 0.007470
7134.25 0.007631
7137.00 0.007722
7139.75 0.007818
7142.50 0.007626
7145.25 0.007543
7148.00 0.007367
7150.75 0.007306
7153.50 0.007432
7156.25 0.007576
7159.00 0.007455
7161.75 0.007463
7164.50 0.007543
7167.25 0.007421
7170.00 0.007442
7172.75 0.007481
7175.50 0.007583
7178.25 0.007550
7181.00 0.007628
7183.75 0.007610
7186.50 0.007446
7189.25 0.007503
7192.00 0.007550
7194.75 0.007524
7197.50 0.007486
7200.25 0.007620
7203.00 0.007439
7205.75 0.007538
7208.50 0.007334
7211.25 0.007572
7214.00 0.007442
7216.75 0.007535
7219.50 0.007551
7222.25 0.007564
7225.00 0.007614
7227.75 0.007591
7230.50 0.007598
7233.25 0.007536
7236.00 0.007619
7238.75 0.007582
7241.50 0.007596
7244.25 0.007640
7247.00 0.007603
7249.75 0.007741
7252.50 0.007744
7255.25 0.007637
7258.00 0.007690
7260.75 0.007709
7263.50 0.007717
7266.25 0.007727
7269.00 0.007650
7271.75 0.007634
7274.50 0.007741
7277.25 0.007612
7280.00 0.007647
7282.75 0.007688
7285.50 0.007583
7288.25 0.007675
7291.00 0.007787
7293.75 0.007611
7296.50 0.007764
7299.25 0.007780
7302.00 0.007825
7304.75 0.007741
7307.50 0.007842
7310.25 0.007682
7313.00 0.007871
7315.75 0.007884
7318.50 0.007909
7321.25 0.007956
7324.00 0.007946
7326.75 0.007900
7329.50 0.007899
7332.25 0.007940
7335.00 0.007961
7337.75 0.007905
7340.50 0.008045
7343.25 0.007844
7346.00 0.007962
7348.75 0.007850
7351.50 0.007860
7354.25 0.007828
7357.00 0.007796
7359.75 0.007665
7362.50 0.007916
7365.25 0.007842
7368.00 0.007736
7370.75 0.007914
7373.50 0.007880
7376.25 0.007896
7379.00 0.007885
7381.75 0.008081
7384.50 0.007946
7387.25 0.007711
7390.00 0.007784
7392.75 0.007706
7395.50 0.007697
7398.25 0.007742
7401.00 0.007839
7403.75 0.007706
7406.50 0.007863
7409.25 0.007827
7412.00 0.007797
7414.75 0.007767
7417.50 0.007706
7420.25 0.007744
7423.00 0.007698
7425.75 0.007783
7428.50 0.007711
7431.25 0.007652
7434.00 0.007790
7436.75 0.007745
7439.50 0.007805
7442.25 0.007752
7445.00 0.007941
7447.75 0.007785
7450.50 0.007954
7453.25 0.007871
7456.00 0.007983
7458.75 0.008074
7461.50 0.007933
7464.25 0.007936
7467.00 0.008061
7469.75 0.007945
7472.50 0.007942
7475.25 0.007987
7478.00 0.008006
7480.75 0.007799
7483.50 0.007901
7486.25 0.007881
7489.00 0.007872
7491.75 0.007879
7494.50 0.007761
7497.25 0.007946
7500.00 0.008032
7502.75 0.007873
7505.50 0.007881
7508.25 0.007908
7511.00 0.007837
7513.75 0.007736
7516.50 0.007926
7519.25 0.008162
7522.00 0.007998
7524.75 0.007855
7527.50 0.007821
7530.25 0.007787
7533.00 0.007849
7535.75 0.007777
7538.50 0.007709
7541.25 0.007925
7544.00 0.007926
7546.75 0.007938
7549.50 0.007840
7552.25 0.008026
7555.00 0.007725
7557.75 0.007821
7560.50 0.007808
7563.25 0.007872
7566.00 0.007789
7568.75 0.007994
7571.50 0.007965
7574.25 0.007926
7577.00 0.007954
7579.75 0.007958
7582.50 0.008059
7585.25 0.008009
7588.00 0.008010
7590.75 0.007821
7593.50 0.007754
7596.25 0.007932
7599.00 0.007954
7601.75 0.008023
7604.50 0.008028
7607.25 0.007859
7610.00 0.007934
7612.75 0.008044
7615.50 0.007729
7618.25 0.008009
7621.00 0.007817
7623.75 0.007904
7626.50 0.007916
7629.25 0.008052
7632.00 0.007919
7634.75 0.007987
7637.50 0.008001
7640.25 0.007841
7643.00 0.007782
7645.75 0.008014
7648.50 0.008045
7651.25 0.007921
7654.00 0.007774
7656.75 0.007761
7659.50 0.007872
7662.25 0.007740
7665.00 0.007632
7667.75 0.007562
7670.50 0.007682
7673.25 0.007674
7676.00 0.007781
7678.75 0.007661
7681.50 0.007840
7684.25 0.008054
7687.00 0.008185
7689.75 0.007903
7692.50 0.007986
7695.25 0.007807
7698.00 0.007919
7700.75 0.007769
7703.50 0.007905
7706.25 0.007974
7709.00 0.008100
7711.75 0.007987
7714.50 0.007813
7717.25 0.007944
7720.00 0.007814
7722.75 0.008467
7725.50 0.007838
7728.25 0.007640
7731.00 0.007721
7733.75 0.008162
7736.50 0.007913
7739.25 0.007791
7742.00 0.007928
7744.75 0.007868
7747.50 0.007967
7750.25 0.007746
7753.00 0.007890
7755.75 0.008055
7758.50 0.007966
7761.25 0.008049
7764.00 0.008006
7766.75 0.008168
7769.50 0.008007
7772.25 0.008100
7775.00 0.007954
7777.75 0.007971
7780.50 0.008148
7783.25 0.007919
7786.00 0.008212
7788.75 0.008148
7791.50 0.008250
7794.25 0.008398
7797.00 0.008149
7799.75 0.008206
7802.50 0.008201
7805.25 0.008252
7808.00 0.008442
7810.75 0.008001
7813.50 0.008455
7816.25 0.008169
7819.00 0.008812
7821.75 0.008119
7824.50 0.008648
7827.25 0.008686
7830.00 0.008346
7832.75 0.008360
7835.50 0.008303
7838.25 0.008681
7841.00 0.008339
7843.75 0.008165
7846.50 0.008361
7849.25 0.008339
7852.00 0.008321
7854.75 0.008177
7857.50 0.008588
7860.25 0.008370
7863.00 0.008763
7865.75 0.008781
7868.50 0.008763
7871.25 0.008697
7874.00 0.008522
7876.75 0.008358
7879.50 0.008310
7882.25 0.008216
7885.00 0.008966
7887.75 0.008583
7890.50 0.008413
7893.25 0.008997
7896.00 0.008380
7898.75 0.008208
7901.50 0.008441
7904.25 0.008311
7907.00 0.008386
7909.75 0.008633
7912.50 0.008402
7915.25 0.007977
7918.00 0.008918
7920.75 0.008245
7923.50 0.007825
7926.25 0.008140
7929.00 0.008386
7931.75 0.007897
7934.50 0.008189
7937.25 0.008549
7940.00 0.008070
7942.75 0.008200
7945.50 0.008207
7948.25 0.008578
7951.00 0.008405
7953.75 0.008035
7956.50 0.008283
7959.25 0.008161
7962.00 0.008235
7964.75 0.008326
7967.50 0.008324
7970.25 0.008287
7973.00 0.008052
7975.75 0.008313
7978.50 0.008133
7981.25 0.008110
7984.00 0.008670
7986.75 0.008529
7989.50 0.008214
7992.25 0.008224
7995.00 0.007971
7997.75 0.008702
