900.00 -0.076975
902.75 -0.078850
905.50 -0.069455
908.25 -0.076834
911.00 -0.070174
913.75 -0.071796
916.50 -0.064735
919.25 -0.066418
922.00 -0.069253
924.75 -0.080542
927.50 -0.059101
930.25 -0.062607
933.00 -0.060553
935.75 -0.043446
938.50 -0.050628
941.25 -0.066069
944.00 -0.043286
946.75 -0.050065
949.50 -0.028211
952.25 -0.025925
955.00 -0.032293
957.75 -0.036502
960.50 -0.040550
963.25 -0.048984
966.00 -0.046631
968.75 -0.042988
971.50 -0.035547
974.25 -0.037685
977.00 -0.035327
979.75 -0.023561
982.50 -0.039859
985.25 -0.025055
988.00 -0.006069
990.75 -0.015470
993.50 -0.015136
996.25 -0.028111
999.00 -0.028424
1001.75 -0.013634
1004.50 -0.022668
1007.25 -0.041708
1010.00 -0.039070
1012.75 -0.042864
1015.50 -0.070070
1018.25 -0.095433
1021.00 -0.127727
1023.75 -0.141937
1026.50 -0.149918
1029.25 -0.145726
1032.00 -0.050489
1034.75 0.007733
1037.50 0.058037
1040.25 0.053181
1043.00 0.052654
1045.75 0.049200
1048.50 0.037522
1051.25 0.047151
1054.00 0.052846
1056.75 0.059318
1059.50 0.052287
1062.25 0.051993
1065.00 0.039428
1067.75 0.056590
1070.50 0.055264
1073.25 0.061618
1076.00 0.066713
1078.75 0.072309
1081.50 0.062796
1084.25 0.058656
1087.00 0.074407
1089.75 0.065449
1092.50 0.052357
1095.25 0.047579
1098.00 0.069666
1100.75 0.067151
1103.50 0.064060
1106.25 0.056081
1109.00 0.069697
1111.75 0.061475
1114.50 0.054315
1117.25 0.064164
1120.00 0.073828
1122.75 0.067836
1125.50 0.057927
1128.25 0.064803
1131.00 0.064670
1133.75 0.066407
1136.50 0.064655
1139.25 0.065329
1142.00 0.062736
1144.75 0.071346
1147.50 0.068802
1150.25 0.067625
1153.00 0.072058
1155.75 0.063538
1158.50 0.063622
1161.25 0.050922
1164.00 0.061571
1166.75 0.051947
1169.50 0.064293
1172.25 0.044415
1175.00 0.043640
1177.75 0.045867
1180.50 0.027563
1183.25 0.019163
1186.00 0.050158
1188.75 0.059113
1191.50 0.049597
1194.25 0.023265
1197.00 -0.001740
1199.75 -0.016732
1202.50 -0.122002
1205.25 -0.167980
1208.00 -0.130880
1210.75 0.111583
1213.50 -0.023261
1216.25 0.182718
1219.00 0.132440
1221.75 -0.066663
1224.50 -0.138825
1227.25 -0.164496
1230.00 -0.196613
1232.75 -0.168471
1235.50 -0.074398
1238.25 -0.006051
1241.00 0.035642
1243.75 0.068283
1246.50 0.064569
1249.25 0.063012
1252.00 0.068138
1254.75 0.061607
1257.50 0.059787
1260.25 0.063135
1263.00 0.060581
1265.75 0.063642
1268.50 0.051087
1271.25 0.058066
1274.00 0.057123
1276.75 0.054455
1279.50 0.058222
1282.25 0.057072
1285.00 0.052674
1287.75 0.052293
1290.50 0.056126
1293.25 0.052969
1296.00 0.051718
1298.75 0.052780
1301.50 0.053963
1304.25 0.053562
1307.00 0.054506
1309.75 0.052924
1312.50 0.046691
1315.25 0.052883
1318.00 0.051169
1320.75 0.046349
1323.50 0.044123
1326.25 0.042923
1329.00 0.042459
1331.75 0.044166
1334.50 0.042579
1337.25 0.041467
1340.00 0.041388
1342.75 0.038171
1345.50 0.037917
1348.25 0.037361
1351.00 0.036515
1353.75 0.034850
1356.50 0.034735
1359.25 0.035664
1362.00 0.036939
1364.75 0.034543
1367.50 0.030506
1370.25 0.026299
1373.00 0.021155
1375.75 0.013036
1378.50 -0.000254
1381.25 -0.009179
1384.00 -0.016491
1386.75 -0.012746
1389.50 -0.016420
1392.25 -0.015318
1395.00 -0.004790
1397.75 0.009090
1400.50 0.010700
1403.25 0.021092
1406.00 0.025847
1408.75 0.023729
1411.50 0.020808
1414.25 0.024572
1417.00 0.024235
1419.75 0.020546
1422.50 0.020143
1425.25 0.020030
1428.00 0.023259
1430.75 0.023115
1433.50 0.024122
1436.25 0.022818
1439.00 0.021692
1441.75 0.019560
1444.50 0.017808
1447.25 0.016874
1450.00 0.015858
1452.75 0.020713
1455.50 0.018759
1458.25 0.019596
1461.00 0.019262
1463.75 0.018182
1466.50 0.019086
1469.25 0.018150
1472.00 0.015938
1474.75 0.018371
1477.50 0.018002
1480.25 0.019451
1483.00 0.018480
1485.75 0.017126
1488.50 0.016196
1491.25 0.012959
1494.00 0.009104
1496.75 0.010328
1499.50 0.006267
1502.25 0.010795
1505.00 0.010796
1507.75 0.014346
1510.50 0.009128
1513.25 0.004196
1516.00 -0.003619
1518.75 -0.012019
1521.50 -0.025870
1524.25 -0.044300
1527.00 -0.061158
1529.75 -0.079470
1532.50 -0.111314
1535.25 -0.144715
1538.00 -0.171488
1540.75 -0.160852
1543.50 -0.126168
1546.25 -0.103628
1549.00 -0.087024
1551.75 -0.044281
1554.50 -0.024214
1557.25 -0.029441
1560.00 -0.027250
1562.75 -0.024265
1565.50 -0.022363
1568.25 -0.016273
1571.00 -0.012540
1573.75 -0.007826
1576.50 -0.007686
1579.25 -0.004451
1582.00 -0.005758
1584.75 -0.003662
1587.50 -0.002300
1590.25 -0.001690
1593.00 -0.001137
1595.75 0.000618
1598.50 0.000518
1601.25 0.000758
1604.00 0.003983
1606.75 0.000680
1609.50 0.001889
1612.25 0.001872
1615.00 0.002291
1617.75 0.002624
1620.50 0.003018
1623.25 0.002823
1626.00 0.003404
1628.75 0.003035
1631.50 0.002345
1634.25 0.003557
1637.00 0.002649
1639.75 0.002182
1642.50 0.002943
1645.25 0.002585
1648.00 0.003918
1650.75 0.003020
1653.50 0.001227
1656.25 0.003664
1659.00 0.002059
1661.75 0.001823
1664.50 0.002789
1667.25 0.001804
1670.00 0.001483
1672.75 0.000995
1675.50 0.002729
1678.25 0.002009
1681.00 0.002232
1683.75 0.001432
1686.50 0.001903
1689.25 0.001151
1692.00 0.002306
1694.75 0.001182
1697.50 0.001102
1700.25 0.000827
1703.00 0.001643
1705.75 0.001537
1708.50 0.000862
1711.25 0.000643
1714.00 -0.000168
1716.75 -0.000485
1719.50 -0.000172
1722.25 -0.001099
1725.00 -0.000566
1727.75 0.000302
1730.50 0.000588
1733.25 0.001100
1736.00 0.001885
1738.75 0.002188
1741.50 0.002250
1744.25 0.002004
1747.00 0.002283
1749.75 0.001684
1752.50 0.001865
1755.25 0.001330
1758.00 0.002020
1760.75 0.001216
1763.50 0.002605
1766.25 0.001509
1769.00 0.002441
1771.75 0.003533
1774.50 0.003567
1777.25 0.003633
1780.00 0.003530
1782.75 0.003637
1785.50 0.003044
1788.25 0.003284
1791.00 0.003510
1793.75 0.002853
1796.50 0.003400
1799.25 0.004794
1802.00 0.003754
1804.75 0.004163
1807.50 0.003482
1810.25 0.003869
1813.00 0.003474
1815.75 0.003349
1818.50 0.001624
1821.25 0.001591
1824.00 0.001453
1826.75 0.000634
1829.50 0.001183
1832.25 0.001117
1835.00 0.000209
1837.75 -0.000451
1840.50 -0.000902
1843.25 -0.000854
1846.00 -0.000365
1848.75 0.000652
1851.50 -0.000671
1854.25 -0.000272
1857.00 0.000162
1859.75 -0.000336
1862.50 0.000876
1865.25 -0.000105
1868.00 0.000661
1870.75 0.001446
1873.50 0.001477
1876.25 0.001522
1879.00 0.000580
1881.75 0.000125
1884.50 -0.000698
1887.25 -0.001739
1890.00 -0.002350
1892.75 -0.004025
1895.50 -0.004878
1898.25 -0.003562
1901.00 -0.004717
1903.75 -0.006820
1906.50 -0.009882
1909.25 -0.012011
1912.00 -0.012996
1914.75 -0.012148
1917.50 -0.009715
1920.25 -0.007546
1923.00 -0.005934
1925.75 -0.005385
1928.50 -0.005065
1931.25 -0.003250
1934.00 -0.002913
1936.75 -0.002583
1939.50 -0.002635
1942.25 -0.002645
1945.00 -0.002397
1947.75 -0.001768
1950.50 -0.001419
1953.25 -0.002261
1956.00 -0.001693
1958.75 -0.001482
1961.50 -0.002317
1964.25 -0.001809
1967.00 -0.001263
1969.75 -0.002278
1972.50 -0.002159
1975.25 -0.000906
1978.00 -0.001639
1980.75 -0.001755
1983.50 -0.001532
1986.25 -0.001704
1989.00 -0.001792
1991.75 -0.001260
1994.50 -0.001342
1997.25 -0.001691
2000.00 -0.001777
2002.75 -0.002345
2005.50 -0.001800
2008.25 -0.001557
2011.00 -0.001167
2013.75 -0.001407
2016.50 -0.001179
2019.25 -0.001189
2022.00 -0.000723
2024.75 -0.000701
2027.50 -0.000519
2030.25 -0.000392
2033.00 -0.000991
2035.75 -0.000786
2038.50 -0.001275
2041.25 -0.001451
2044.00 -0.000926
2046.75 -0.001387
2049.50 -0.001116
2052.25 -0.001356
2055.00 -0.002148
2057.75 -0.001969
2060.50 -0.002332
2063.25 -0.002553
2066.00 -0.002589
2068.75 -0.002136
2071.50 -0.002789
2074.25 -0.001996
2077.00 -0.002392
2079.75 -0.001830
2082.50 -0.002135
2085.25 -0.002817
2088.00 -0.002517
2090.75 -0.002784
2093.50 -0.003202
2096.25 -0.003222
2099.00 -0.003202
2101.75 -0.003253
2104.50 -0.002782
2107.25 -0.002974
2110.00 -0.003139
2112.75 -0.003101
2115.50 -0.003628
2118.25 -0.002576
2121.00 -0.003371
2123.75 -0.002771
2126.50 -0.002365
2129.25 -0.002376
2132.00 -0.002291
2134.75 -0.002366
2137.50 -0.002521
2140.25 -0.002650
2143.00 -0.002280
2145.75 -0.002507
2148.50 -0.002788
2151.25 -0.002168
2154.00 -0.001773
2156.75 -0.002128
2159.50 -0.002390
2162.25 -0.002408
2165.00 -0.002500
2167.75 -0.003083
2170.50 -0.002087
2173.25 -0.002536
2176.00 -0.002312
2178.75 -0.002551
2181.50 -0.002258
2184.25 -0.002325
2187.00 -0.002553
2189.75 -0.002566
2192.50 0.002416
2195.25 -0.002411
2198.00 -0.002353
2200.75 -0.002019
2203.50 -0.002234
2206.25 -0.002371
2209.00 -0.002598
2211.75 -0.003101
2214.50 -0.003315
2217.25 -0.003314
2220.00 -0.003625
2222.75 -0.003645
2225.50 -0.003940
2228.25 -0.004140
2231.00 -0.003939
2233.75 -0.004112
2236.50 -0.004150
2239.25 -0.003874
2242.00 -0.004083
2244.75 -0.004501
2247.50 -0.004291
2250.25 -0.004026
2253.00 -0.004217
2255.75 -0.003953
2258.50 -0.004387
2261.25 -0.004623
2264.00 -0.004075
2266.75 -0.004530
2269.50 -0.004061
2272.25 -0.004411
2275.00 -0.006232
2277.75 -0.004904
2280.50 -0.004596
2283.25 -0.004946
2286.00 -0.005280
2288.75 -0.005057
2291.50 -0.004807
2294.25 -0.005005
2297.00 -0.004920
2299.75 -0.004587
2302.50 -0.004659
2305.25 -0.004568
2308.00 -0.004795
2310.75 -0.004595
2313.50 -0.004669
2316.25 -0.004456
2319.00 -0.004934
2321.75 -0.005084
2324.50 -0.005707
2327.25 -0.005465
2330.00 -0.005372
2332.75 -0.005268
2335.50 -0.004478
2338.25 -0.004683
2341.00 -0.004476
2343.75 -0.004138
2346.50 -0.004714
2349.25 -0.004438
2352.00 -0.004261
2354.75 -0.004170
2357.50 -0.004751
2360.25 -0.004652
2363.00 -0.004346
2365.75 -0.004293
2368.50 -0.004361
2371.25 -0.004051
2374.00 -0.004312
2376.75 -0.004129
2379.50 -0.003236
2382.25 -0.003655
2385.00 -0.003614
2387.75 -0.003588
2390.50 -0.003893
2393.25 -0.004241
2396.00 -0.004082
2398.75 -0.004264
2401.50 -0.004596
2404.25 -0.004474
2407.00 -0.004946
2409.75 -0.004838
2412.50 -0.005284
2415.25 -0.005340
2418.00 -0.005762
2420.75 -0.006536
2423.50 -0.005805
2426.25 -0.005200
2429.00 -0.005339
2431.75 -0.005873
2434.50 -0.005429
2437.25 -0.005343
2440.00 -0.005215
2442.75 -0.005154
2445.50 -0.005099
2448.25 -0.004935
2451.00 -0.005134
2453.75 -0.005070
2456.50 -0.005137
2459.25 -0.005199
2462.00 -0.005202
2464.75 -0.004964
2467.50 -0.005087
2470.25 -0.005262
2473.00 -0.005164
2475.75 -0.005182
2478.50 -0.005453
2481.25 -0.005157
2484.00 -0.005131
2486.75 -0.005009
2489.50 -0.004837
2492.25 -0.004920
2495.00 -0.005472
2497.75 -0.005215
2500.50 -0.005593
2503.25 -0.005444
2506.00 -0.005846
2508.75 -0.005435
2511.50 -0.005432
2514.25 -0.005630
2517.00 -0.005736
2519.75 -0.006062
2522.50 -0.005669
2525.25 -0.005984
2528.00 -0.006326
2530.75 -0.005869
2533.50 -0.006100
2536.25 -0.005737
2539.00 -0.005576
2541.75 -0.005206
2544.50 -0.005635
2547.25 -0.005218
2550.00 -0.005800
2552.75 -0.005709
2555.50 -0.005301
2558.25 -0.005544
2561.00 -0.005617
2563.75 -0.005420
2566.50 -0.005524
2569.25 -0.005254
2572.00 -0.005463
2574.75 -0.005742
2577.50 -0.005695
2580.25 -0.005615
2583.00 -0.005597
2585.75 -0.005654
2588.50 -0.005790
2591.25 -0.005466
2594.00 -0.005620
2596.75 -0.004976
2599.50 -0.004889
2602.25 -0.005570
2605.00 -0.005454
2607.75 -0.005332
2610.50 -0.005573
2613.25 -0.005916
2616.00 -0.006224
2618.75 -0.006558
2621.50 -0.006148
2624.25 -0.006143
2627.00 -0.005466
2629.75 -0.005822
2632.50 -0.005291
2635.25 -0.006122
2638.00 -0.005847
2640.75 -0.005760
2643.50 -0.005552
2646.25 -0.005619
2649.00 -0.005319
2651.75 -0.005265
2654.50 -0.005888
2657.25 -0.006113
2660.00 -0.006108
2662.75 -0.006088
2665.50 -0.006012
2668.25 -0.005972
2671.00 -0.006059
2673.75 -0.005950
2676.50 -0.006161
2679.25 -0.006342
2682.00 -0.005822
2684.75 -0.005579
2687.50 -0.006137
2690.25 -0.005830
2693.00 -0.006147
2695.75 -0.005600
2698.50 -0.005726
2701.25 -0.006213
2704.00 -0.005568
2706.75 -0.006489
2709.50 -0.006592
2712.25 -0.006141
2715.00 -0.006177
2717.75 -0.006358
2720.50 -0.006578
2723.25 -0.006573
2726.00 -0.006383
2728.75 -0.006523
2731.50 -0.006262
2734.25 -0.006609
2737.00 -0.006758
2739.75 -0.006422
2742.50 -0.007403
2745.25 -0.007138
2748.00 -0.006349
2750.75 -0.005646
2753.50 -0.005812
2756.25 -0.006250
2759.00 -0.006084
2761.75 -0.005874
2764.50 -0.006171
2767.25 -0.006781
2770.00 -0.006918
2772.75 -0.006018
2775.50 -0.006263
2778.25 -0.006820
2781.00 -0.007319
2783.75 -0.007572
2786.50 -0.008960
2789.25 -0.009927
2792.00 -0.011781
2794.75 -0.012044
2797.50 -0.011086
2800.25 -0.012576
2803.00 -0.010686
2805.75 -0.010185
2808.50 -0.009306
2811.25 -0.007549
2814.00 -0.007471
2816.75 -0.006298
2819.50 -0.007017
2822.25 -0.006869
2825.00 -0.007073
2827.75 -0.006299
2830.50 -0.006805
2833.25 -0.006724
2836.00 -0.006507
2838.75 -0.006613
2841.50 -0.006948
2844.25 -0.006619
2847.00 -0.007113
2849.75 -0.006739
2852.50 -0.006233
2855.25 -0.005842
2858.00 -0.006471
2860.75 -0.005606
2863.50 -0.006011
2866.25 -0.005275
2869.00 -0.005367
2871.75 -0.005349
2874.50 -0.005673
2877.25 -0.005934
2880.00 -0.005538
2882.75 -0.005661
2885.50 -0.005205
2888.25 -0.005266
2891.00 -0.005407
2893.75 -0.006230
2896.50 -0.005698
2899.25 -0.005287
2902.00 -0.004573
2904.75 -0.004213
2907.50 -0.005118
2910.25 -0.005204
2913.00 -0.003846
2915.75 -0.004996
2918.50 -0.005251
2921.25 -0.005306
2924.00 -0.006058
2926.75 -0.006329
2929.50 -0.006045
2932.25 -0.006456
2935.00 -0.006574
2937.75 -0.006790
2940.50 -0.006378
2943.25 -0.006075
2946.00 -0.005822
2948.75 -0.005738
2951.50 -0.005984
2954.25 -0.005372
2957.00 -0.005507
2959.75 -0.005218
2962.50 -0.005936
2965.25 -0.005791
2968.00 -0.005654
2970.75 -0.006321
2973.50 -0.005917
2976.25 -0.005780
2979.00 -0.005621
2981.75 -0.004961
2984.50 -0.005588
2987.25 -0.005576
2990.00 -0.004016
2992.75 -0.005195
2995.50 -0.005229
2998.25 -0.004546
3001.00 -0.005673
3003.75 -0.006155
3006.50 -0.004992
3009.25 -0.004778
3012.00 -0.004320
3014.75 -0.004348
3017.50 -0.004874
3020.25 -0.004195
3023.00 -0.005241
3025.75 -0.004713
3028.50 -0.004284
3031.25 -0.005025
3034.00 -0.004046
3036.75 -0.004391
3039.50 -0.004344
3042.25 -0.004387
3045.00 -0.003969
3047.75 -0.004707
3050.50 -0.004531
3053.25 -0.004256
3056.00 -0.004783
3058.75 -0.004251
3061.50 -0.005702
3064.25 -0.005074
3067.00 -0.005559
3069.75 -0.004775
3072.50 -0.004222
3075.25 -0.005172
3078.00 -0.004633
3080.75 -0.004608
3083.50 -0.003549
3086.25 -0.003725
3089.00 -0.004411
3091.75 -0.003956
3094.50 -0.004166
3097.25 -0.003752
3100.00 -0.004571
3102.75 -0.004283
3105.50 -0.004766
3108.25 -0.004379
3111.00 -0.003550
3113.75 -0.004479
3116.50 -0.005253
3119.25 -0.005223
3122.00 -0.004803
3124.75 -0.004419
3127.50 -0.004150
3130.25 -0.004609
3133.00 -0.004268
3135.75 -0.003010
3138.50 -0.004065
3141.25 -0.003881
3144.00 -0.003870
3146.75 -0.004788
3149.50 -0.004413
3152.25 -0.003474
3155.00 -0.003612
3157.75 -0.004703
3160.50 -0.004178
3163.25 -0.004315
3166.00 -0.004278
3168.75 -0.003959
3171.50 -0.003806
3174.25 -0.003822
3177.00 -0.003732
3179.75 -0.004714
3182.50 -0.004725
3185.25 -0.004091
3188.00 -0.004332
3190.75 -0.003914
3193.50 -0.003754
3196.25 -0.004643
3199.00 -0.004000
3201.75 -0.002891
3204.50 -0.003332
3207.25 -0.003028
3210.00 -0.004336
3212.75 -0.003873
3215.50 -0.003581
3218.25 -0.004325
3221.00 -0.004429
3223.75 -0.004400
3226.50 -0.004206
3229.25 -0.004007
3232.00 -0.003788
3234.75 -0.003424
3237.50 -0.004370
3240.25 -0.003788
3243.00 -0.003208
3245.75 -0.002597
3248.50 -0.003264
3251.25 -0.003432
3254.00 -0.004204
3256.75 -0.003165
3259.50 -0.003132
3262.25 -0.002976
3265.00 -0.002901
3267.75 -0.002172
3270.50 -0.002606
3273.25 -0.002967
3276.00 -0.002829
3278.75 -0.003018
3281.50 -0.002530
3284.25 -0.003229
3287.00 -0.003344
3289.75 -0.001199
3292.50 -0.001878
3295.25 -0.002717
3298.00 -0.003014
3300.75 -0.002144
3303.50 -0.002585
3306.25 -0.003706
3309.00 -0.002597
3311.75 -0.002599
3314.50 -0.003649
3317.25 -0.002855
3320.00 -0.002237
3322.75 -0.002460
3325.50 -0.002617
3328.25 -0.002557
3331.00 -0.003085
3333.75 -0.002662
3336.50 -0.002534
3339.25 -0.003681
3342.00 -0.002627
3344.75 -0.001684
3347.50 -0.002341
3350.25 -0.002732
3353.00 -0.001894
3355.75 -0.000593
3358.50 -0.001808
3361.25 -0.002209
3364.00 -0.002905
3366.75 -0.002627
3369.50 -0.002546
3372.25 -0.002751
3375.00 -0.002392
3377.75 -0.001818
3380.50 -0.002351
3383.25 -0.002628
3386.00 -0.002475
3388.75 -0.002508
3391.50 -0.002259
3394.25 -0.002445
3397.00 -0.001952
3399.75 -0.002122
3402.50 -0.002380
3405.25 -0.002699
3408.00 -0.003697
3410.75 -0.002880
3413.50 -0.003489
3416.25 -0.003006
3419.00 -0.002248
3421.75 -0.001474
3424.50 -0.000215
3427.25 -0.001278
3430.00 -0.001738
3432.75 -0.002137
3435.50 -0.002011
3438.25 -0.002515
3441.00 -0.002956
3443.75 -0.002816
3446.50 -0.002098
3449.25 -0.002319
3452.00 -0.002370
3454.75 -0.002039
3457.50 -0.002386
3460.25 -0.001926
3463.00 -0.002643
3465.75 -0.001519
3468.50 -0.002623
3471.25 -0.002031
3474.00 -0.002791
3476.75 -0.002072
3479.50 -0.001997
3482.25 -0.002482
3485.00 -0.002355
3487.75 -0.002454
3490.50 -0.001798
3493.25 -0.002554
3496.00 -0.002936
3498.75 -0.002164
3501.50 -0.001224
3504.25 -0.001604
3507.00 -0.001729
3509.75 -0.001643
3512.50 -0.001529
3515.25 -0.002758
3518.00 -0.002107
3520.75 -0.002374
3523.50 -0.001521
3526.25 -0.001411
3529.00 -0.001764
3531.75 -0.001071
3534.50 -0.001511
3537.25 -0.001097
3540.00 -0.000699
3542.75 -0.000002
3545.50 -0.000188
3548.25 -0.000637
3551.00 -0.000667
3553.75 -0.000344
3556.50 -0.000314
3559.25 -0.001206
3562.00 -0.000930
3564.75 -0.000536
3567.50 -0.000565
3570.25 -0.000898
3573.00 -0.001145
3575.75 -0.001361
3578.50 -0.001803
3581.25 -0.001687
3584.00 -0.002545
3586.75 -0.001445
3589.50 -0.001185
3592.25 -0.001256
3595.00 -0.001090
3597.75 -0.000010
3600.50 -0.001097
3603.25 -0.001100
3606.00 -0.000409
3608.75 -0.000178
3611.50 -0.000653
3614.25 -0.000638
3617.00 0.000167
3619.75 0.000139
3622.50 -0.000932
3625.25 -0.000036
3628.00 -0.000299
3630.75 0.000370
3633.50 0.000065
3636.25 0.000270
3639.00 0.001029
3641.75 0.000955
3644.50 0.000519
3647.25 0.000539
3650.00 -0.000209
3652.75 0.000462
3655.50 0.001625
3658.25 0.001674
3661.00 0.002071
3663.75 0.000294
3666.50 0.000864
3669.25 0.001658
3672.00 0.000966
3674.75 0.000739
3677.50 0.000761
3680.25 0.000276
3683.00 0.000813
3685.75 0.000362
3688.50 0.000903
3691.25 0.000303
3694.00 0.000518
3696.75 0.001245
3699.50 0.001212
3702.25 0.001415
3705.00 0.000497
3707.75 0.000459
3710.50 0.000673
3713.25 0.000618
3716.00 0.001073
3718.75 0.001145
3721.50 0.001512
3724.25 0.002277
3727.00 0.008145
3729.75 0.010231
3732.50 0.005846
3735.25 0.001556
3738.00 0.001134
3740.75 0.002245
3743.50 0.001480
3746.25 0.001118
3749.00 0.000158
3751.75 0.000482
3754.50 0.000880
3757.25 0.001609
3760.00 0.002168
3762.75 0.001861
3765.50 0.002034
3768.25 0.001308
3771.00 0.000503
3773.75 0.001720
3776.50 0.002352
3779.25 0.001833
3782.00 0.003931
3784.75 0.003410
3787.50 0.003006
3790.25 0.002894
3793.00 0.003649
3795.75 0.003632
3798.50 0.002513
3801.25 0.002771
3804.00 0.004075
3806.75 0.004373
3809.50 0.002246
3812.25 0.004045
3815.00 0.003894
3817.75 0.001327
3820.50 0.003765
3823.25 -0.001180
3826.00 0.001702
3828.75 0.003547
3831.50 0.000553
3834.25 0.003201
3837.00 0.001932
3839.75 0.002484
3842.50 0.001445
3845.25 0.003135
3848.00 -0.001753
3850.75 0.002550
3853.50 0.003189
3856.25 0.001341
3859.00 0.003889
3861.75 0.004623
3864.50 0.006943
3867.25 0.003275
3870.00 0.006641
3872.75 0.008646
3875.50 0.000370
3878.25 0.001549
3881.00 0.001917
3883.75 0.003369
3886.50 0.002251
3889.25 0.003327
3892.00 0.001931
3894.75 0.006206
3897.50 0.002451
3900.25 0.003222
3903.00 0.005539
3905.75 0.004774
3908.50 0.007152
3911.25 0.011343
3914.00 0.004739
3916.75 0.002690
3919.50 0.004194
3922.25 0.005536
3925.00 0.005072
3927.75 0.005015
3930.50 0.008065
3933.25 0.002699
3936.00 0.002448
3938.75 0.005344
3941.50 0.004491
3944.25 0.006574
3947.00 0.004083
3949.75 0.005995
3952.50 0.003145
3955.25 0.005713
3958.00 0.006263
3960.75 0.003988
3963.50 0.003161
3966.25 0.002845
3969.00 0.001766
3971.75 0.000257
3974.50 -0.000527
3977.25 0.000879
3980.00 0.004462
3982.75 0.005205
3985.50 0.005058
3988.25 0.008881
3991.00 0.006233
3993.75 0.007658
3996.50 0.007357
3999.25 0.004919
4002.00 0.007724
4004.75 0.008268
4007.50 0.008507
4010.25 0.008195
4013.00 0.006717
4015.75 0.008932
4018.50 0.006359
4021.25 0.005482
4024.00 0.005380
4026.75 0.004979
4029.50 0.007857
4032.25 0.005459
4035.00 0.006028
4037.75 0.005879
4040.50 0.003070
4043.25 0.006445
4046.00 0.006397
4048.75 0.006122
4051.50 0.008857
4054.25 0.007113
4057.00 0.009113
4059.75 0.008881
4062.50 0.009002
4065.25 0.009420
4068.00 0.009652
4070.75 0.006715
4073.50 0.007939
4076.25 0.009021
4079.00 0.009460
4081.75 0.008279
4084.50 0.008346
4087.25 0.008576
4090.00 0.008569
4092.75 0.009666
4095.50 0.004126
4098.25 0.007061
4101.00 0.005059
4103.75 0.005881
4106.50 0.004724
4109.25 0.004535
4112.00 0.005033
4114.75 0.006623
4117.50 0.006873
4120.25 0.005501
4123.00 0.005111
4125.75 0.004381
4128.50 0.003547
4131.25 0.006945
4134.00 0.005355
4136.75 0.006999
4139.50 0.007757
4142.25 0.007671
4145.00 0.007825
4147.75 0.006338
4150.50 0.007825
4153.25 0.005086
4156.00 0.005009
4158.75 0.009409
4161.50 0.008077
4164.25 0.008820
4167.00 0.008351
4169.75 0.006468
4172.50 0.008129
4175.25 0.006715
4178.00 0.006194
4180.75 0.005204
4183.50 0.005054
4186.25 0.007651
4189.00 0.006384
4191.75 0.006657
4194.50 0.007461
4197.25 0.007610
4200.00 0.005802
4202.75 0.006865
4205.50 0.007924
4208.25 0.007601
4211.00 0.006657
4213.75 0.005965
4216.50 0.008685
4219.25 0.006890
4222.00 0.006834
4224.75 0.004653
4227.50 0.005234
4230.25 0.005779
4233.00 0.006669
4235.75 0.006314
4238.50 0.005622
4241.25 0.007087
4244.00 0.005925
4246.75 0.005706
4249.50 0.007695
4252.25 0.008322
4255.00 0.006255
4257.75 0.006075
4260.50 0.008251
4263.25 0.007469
4266.00 0.007034
4268.75 0.006294
4271.50 0.006700
4274.25 0.007121
4277.00 0.005270
4279.75 0.005985
4282.50 0.006875
4285.25 0.005731
4288.00 0.006481
4290.75 0.005864
4293.50 0.007222
4296.25 0.004520
4299.00 0.004799
4301.75 0.002906
4304.50 0.005597
4307.25 0.005050
4310.00 0.002136
4312.75 0.005286
4315.50 0.006205
4318.25 0.007287
4321.00 0.004113
4323.75 0.006804
4326.50 0.003953
4329.25 0.003096
4332.00 0.006682
4334.75 0.004713
4337.50 0.003140
4340.25 0.003550
4343.00 0.002503
4345.75 0.001475
4348.50 0.001253
4351.25 0.002385
4354.00 0.004220
4356.75 0.005136
4359.50 0.004482
4362.25 0.006551
4365.00 0.006541
4367.75 0.005901
4370.50 0.006684
4373.25 0.004521
4376.00 0.004501
4378.75 0.005052
4381.50 0.006240
4384.25 0.005132
4387.00 0.004420
4389.75 0.004538
4392.50 0.007667
4395.25 0.005684
4398.00 0.006020
4400.75 0.006645
4403.50 0.005771
4406.25 0.005247
4409.00 0.004555
4411.75 0.005388
4414.50 0.004946
4417.25 0.005672
4420.00 0.006200
4422.75 0.006523
4425.50 0.006634
4428.25 0.008416
4431.00 0.007657
4433.75 0.007116
4436.50 0.006998
4439.25 0.006667
4442.00 0.008711
4444.75 0.007469
4447.50 0.007114
4450.25 0.007757
4453.00 0.006891
4455.75 0.005042
4458.50 0.006018
4461.25 0.007155
4464.00 0.007517
4466.75 0.007769
4469.50 0.005750
4472.25 0.006674
4475.00 0.007545
4477.75 0.008855
4480.50 0.006476
4483.25 0.008264
4486.00 0.007112
4488.75 0.008410
4491.50 0.007417
4494.25 0.007223
4497.00 0.005395
4499.75 0.006457
4502.50 0.006249
4505.25 0.008358
4508.00 0.008268
4510.75 0.007028
4513.50 0.005385
4516.25 0.005690
4519.00 0.006090
4521.75 0.007229
4524.50 0.007006
4527.25 0.006177
4530.00 0.006288
4532.75 0.004520
4535.50 0.006333
4538.25 0.007275
4541.00 0.004390
4543.75 0.006978
4546.50 0.005461
4549.25 0.006754
4552.00 0.005985
4554.75 0.004566
4557.50 0.005789
4560.25 0.006818
4563.00 0.005893
4565.75 0.005787
4568.50 0.005378
4571.25 0.005542
4574.00 0.006119
4576.75 0.006275
4579.50 0.005124
4582.25 0.006037
4585.00 0.004943
4587.75 0.004860
4590.50 0.005888
4593.25 0.005673
4596.00 0.006609
4598.75 0.006928
4601.50 0.005591
4604.25 0.006804
4607.00 0.006847
4609.75 0.005905
4612.50 0.006365
4615.25 0.008311
4618.00 0.009398
4620.75 0.006101
4623.50 0.006742
4626.25 0.007511
4629.00 0.008346
4631.75 0.006897
4634.50 0.006171
4637.25 0.005649
4640.00 0.005850
4642.75 0.007622
4645.50 0.006323
4648.25 0.006511
4651.00 0.007189
4653.75 0.007844
4656.50 0.006477
4659.25 0.005426
4662.00 0.005560
4664.75 0.006487
4667.50 0.005561
4670.25 0.005999
4673.00 0.006181
4675.75 0.007015
4678.50 0.007282
4681.25 0.005641
4684.00 0.005682
4686.75 0.006360
4689.50 0.007015
4692.25 0.007305
4695.00 0.007852
4697.75 0.006577
4700.50 0.007435
4703.25 0.006380
4706.00 0.007901
4708.75 0.007347
4711.50 0.008424
4714.25 0.008243
4717.00 0.008060
4719.75 0.008035
4722.50 0.008040
4725.25 0.007861
4728.00 0.006798
4730.75 0.006548
4733.50 0.008526
4736.25 0.008123
4739.00 0.008489
4741.75 0.008347
4744.50 0.008226
4747.25 0.008726
4750.00 0.008652
4752.75 0.007264
4755.50 0.008337
4758.25 0.008001
4761.00 0.007567
4763.75 0.008665
4766.50 0.007854
4769.25 0.008153
4772.00 0.008189
4774.75 0.009490
4777.50 0.008786
4780.25 0.009278
4783.00 0.008580
4785.75 0.009580
4788.50 0.007478
4791.25 0.010072
4794.00 0.009207
4796.75 0.009709
4799.50 0.008815
4802.25 0.008174
4805.00 0.009363
4807.75 0.007390
4810.50 0.008341
4813.25 0.007778
4816.00 0.007619
4818.75 0.007656
4821.50 0.009132
4824.25 0.009008
4827.00 0.009140
4829.75 0.007417
4832.50 0.008274
4835.25 0.007434
4838.00 0.008393
4840.75 0.006418
4843.50 0.007481
4846.25 0.005455
4849.00 0.005217
4851.75 0.002946
4854.50 0.003247
4857.25 0.002508
4860.00 0.001611
4862.75 0.004233
4865.50 0.001760
4868.25 0.000567
4871.00 0.000603
4873.75 0.001970
4876.50 0.004100
4879.25 0.003450
4882.00 0.005929
4884.75 0.004115
4887.50 0.006521
4890.25 0.007441
4893.00 0.006126
4895.75 0.005735
4898.50 0.005707
4901.25 0.007671
4904.00 0.006301
4906.75 0.006318
4909.50 0.005601
4912.25 0.006858
4915.00 0.008074
4917.75 0.007339
4920.50 0.008756
4923.25 0.006919
4926.00 0.006105
4928.75 0.006046
4931.50 0.006890
4934.25 0.007348
4937.00 0.008045
4939.75 0.007042
4942.50 0.007818
4945.25 0.007601
4948.00 0.007057
4950.75 0.007748
4953.50 0.009340
4956.25 0.009214
4959.00 0.007672
4961.75 0.009988
4964.50 0.007560
4967.25 0.007607
4970.00 0.008387
4972.75 0.008366
4975.50 0.009036
4978.25 0.008607
4981.00 0.007509
4983.75 0.006096
4986.50 0.006838
4989.25 0.005770
4992.00 0.005368
4994.75 0.005092
4997.50 0.005744
5000.25 0.005979
5003.00 0.007087
5005.75 0.007216
5008.50 0.009509
5011.25 0.010890
5014.00 0.006058
5016.75 0.005871
5019.50 0.006323
5022.25 0.006204
5025.00 0.007572
5027.75 0.007087
5030.50 0.007486
5033.25 0.007269
5036.00 0.008731
5038.75 0.008255
5041.50 0.006984
5044.25 0.007415
5047.00 0.008100
5049.75 0.008009
5052.50 0.006912
5055.25 0.007540
5058.00 0.007192
5060.75 0.007813
5063.50 0.007629
5066.25 0.006257
5069.00 0.007429
5071.75 0.007714
5074.50 0.008133
5077.25 0.007480
5080.00 0.007279
5082.75 0.007085
5085.50 0.005778
5088.25 0.007624
5091.00 0.006603
5093.75 0.007329
5096.50 0.007675
5099.25 0.007775
5102.00 0.006432
5104.75 0.007444
5107.50 0.005730
5110.25 0.006454
5113.00 0.007516
5115.75 0.007256
5118.50 0.007018
5121.25 0.006700
5124.00 0.006447
5126.75 0.005375
5129.50 0.006148
5132.25 0.005426
5135.00 0.004778
5137.75 0.004980
5140.50 0.006066
5143.25 0.006120
5146.00 0.005019
5148.75 0.005322
5151.50 0.005234
5154.25 0.006467
5157.00 0.005538
5159.75 0.005237
5162.50 0.005007
5165.25 0.004626
5168.00 0.003459
5170.75 0.004735
5173.50 0.004201
5176.25 0.003294
5179.00 0.002745
5181.75 0.003609
5184.50 0.003636
5187.25 0.004710
5190.00 0.005315
5192.75 0.006081
5195.50 0.004839
5198.25 0.005222
5201.00 0.005287
5203.75 0.005194
5206.50 0.005294
5209.25 0.004680
5212.00 0.004721
5214.75 0.005565
5217.50 0.006331
5220.25 0.006025
5223.00 0.004574
5225.75 0.006178
5228.50 0.005223
5231.25 0.005034
5234.00 0.004930
5236.75 0.005429
5239.50 0.005731
5242.25 0.006216
5245.00 0.006014
5247.75 0.006462
5250.50 0.005793
5253.25 0.005646
5256.00 0.006818
5258.75 0.005577
5261.50 0.005658
5264.25 0.005812
5267.00 0.005690
5269.75 0.005108
5272.50 0.005409
5275.25 0.004360
5278.00 0.004613
5280.75 0.006198
5283.50 0.006187
5286.25 0.006673
5289.00 0.006400
5291.75 0.005949
5294.50 0.005925
5297.25 0.006373
5300.00 0.006291
5302.75 0.006337
5305.50 0.007086
5308.25 0.005959
5311.00 0.006831
5313.75 0.006840
5316.50 0.005997
5319.25 0.006738
5322.00 0.006848
5324.75 0.006300
5327.50 0.006109
5330.25 0.006071
5333.00 0.006775
5335.75 0.006442
5338.50 0.007220
5341.25 0.006476
5344.00 0.006756
5346.75 0.007169
5349.50 0.006738
5352.25 0.007097
5355.00 0.007553
5357.75 0.006253
5360.50 0.007310
5363.25 0.006824
5366.00 0.007104
5368.75 0.006694
5371.50 0.006554
5374.25 0.006846
5377.00 0.007021
5379.75 0.008645
5382.50 0.007336
5385.25 0.007762
5388.00 0.007748
5390.75 0.007098
5393.50 0.006633
5396.25 0.006913
5399.00 0.007492
5401.75 0.006483
5404.50 0.007590
5407.25 0.007475
5410.00 0.006825
5412.75 0.007221
5415.50 0.006899
5418.25 0.007150
5421.00 0.007069
5423.75 0.007075
5426.50 0.006419
5429.25 0.007186
5432.00 0.006689
5434.75 0.006515
5437.50 0.006768
5440.25 0.007538
5443.00 0.007008
5445.75 0.008758
5448.50 0.008352
5451.25 0.008544
5454.00 0.007517
5456.75 0.008759
5459.50 0.007860
5462.25 0.008234
5465.00 0.006774
5467.75 0.006969
5470.50 0.006233
5473.25 0.007284
5476.00 0.007250
5478.75 0.007494
5481.50 0.008206
5484.25 0.008374
5487.00 0.007444
5489.75 0.007024
5492.50 0.007646
5495.25 0.007579
5498.00 0.008092
5500.75 0.006541
5503.50 0.007237
5506.25 0.006456
5509.00 0.008084
5511.75 0.007243
5514.50 0.006978
5517.25 0.008401
5520.00 0.006845
5522.75 0.007727
5525.50 0.007914
5528.25 0.007833
5531.00 0.007393
5533.75 0.007070
5536.50 0.007149
5539.25 0.007144
5542.00 0.006413
5544.75 0.006679
5547.50 0.006987
5550.25 0.006423
5553.00 0.007565
5555.75 0.007118
5558.50 0.006145
5561.25 0.006946
5564.00 0.007027
5566.75 0.006912
5569.50 0.006274
5572.25 0.005203
5575.00 0.005121
5577.75 0.004713
5580.50 0.004828
5583.25 0.004840
5586.00 0.005379
5588.75 0.007386
5591.50 0.006622
5594.25 0.005832
5597.00 0.006051
5599.75 0.007150
5602.50 0.005722
5605.25 0.005334
5608.00 0.005900
5610.75 0.005705
5613.50 0.006325
5616.25 0.005404
5619.00 0.005609
5621.75 0.007157
5624.50 0.006764
5627.25 0.005743
5630.00 0.005744
5632.75 0.007016
5635.50 0.006146
5638.25 0.006348
5641.00 0.006250
5643.75 0.006401
5646.50 0.007038
5649.25 0.007195
5652.00 0.005764
5654.75 0.005570
5657.50 0.006551
5660.25 0.005141
5663.00 0.005572
5665.75 0.006391
5668.50 0.005546
5671.25 0.006220
5674.00 0.005593
5676.75 0.006015
5679.50 0.006453
5682.25 0.005496
5685.00 0.006277
5687.75 0.005576
5690.50 0.006424
5693.25 0.004998
5696.00 0.006427
5698.75 0.006894
5701.50 0.006630
5704.25 0.006081
5707.00 0.006075
5709.75 0.005575
5712.50 0.004680
5715.25 0.004645
5718.00 0.004906
5720.75 0.004478
5723.50 0.004841
5726.25 0.005345
5729.00 0.005791
5731.75 0.006179
5734.50 0.005931
5737.25 0.006100
5740.00 0.005566
5742.75 0.006699
5745.50 0.006199
5748.25 0.005561
5751.00 0.005810
5753.75 0.005100
5756.50 0.005901
5759.25 0.004369
5762.00 0.004354
5764.75 0.005710
5767.50 0.004469
5770.25 0.004607
5773.00 0.004548
5775.75 0.005180
5778.50 0.004594
5781.25 0.004730
5784.00 0.004541
5786.75 0.004527
5789.50 0.004813
5792.25 0.005274
5795.00 0.003881
5797.75 0.005640
5800.50 0.005978
5803.25 0.005409
5806.00 0.005327
5808.75 0.005564
5811.50 0.005123
5814.25 0.004931
5817.00 0.004782
5819.75 0.005027
5822.50 0.004961
5825.25 0.004469
5828.00 0.004526
5830.75 0.003211
5833.50 0.004051
5836.25 0.004028
5839.00 0.003898
5841.75 0.004102
5844.50 0.005240
5847.25 0.003563
5850.00 0.005376
5852.75 0.004466
5855.50 0.004880
5858.25 0.004754
5861.00 0.003074
5863.75 0.004016
5866.50 0.004738
5869.25 0.004679
5872.00 0.005195
5874.75 0.004811
5877.50 0.004080
5880.25 0.003865
5883.00 0.004673
5885.75 0.003699
5888.50 0.003446
5891.25 0.002730
5894.00 0.003020
5896.75 0.003053
5899.50 0.003323
5902.25 0.003393
5905.00 0.003294
5907.75 0.004228
5910.50 0.004113
5913.25 0.004381
5916.00 0.003312
5918.75 0.005088
5921.50 0.004195
5924.25 0.005372
5927.00 0.004759
5929.75 0.004833
5932.50 0.005273
5935.25 0.004888
5938.00 0.004655
5940.75 0.003799
5943.50 0.004916
5946.25 0.004960
5949.00 0.005110
5951.75 0.004809
5954.50 0.004661
5957.25 0.004972
5960.00 0.004318
5962.75 0.003792
5965.50 0.004729
5968.25 0.003951
5971.00 0.003942
5973.75 0.004684
5976.50 0.004483
5979.25 0.004232
5982.00 0.003206
5984.75 0.003459
5987.50 0.004487
5990.25 0.004688
5993.00 0.004462
5995.75 0.004003
5998.50 0.004020
6001.25 0.004374
6004.00 0.003664
6006.75 0.004341
6009.50 0.004574
6012.25 0.004388
6015.00 0.003602
6017.75 0.004548
6020.50 0.005039
6023.25 0.003846
6026.00 0.004236
6028.75 0.003477
6031.50 0.005003
6034.25 0.004775
6037.00 0.006177
6039.75 0.004334
6042.50 0.004480
6045.25 0.003922
6048.00 0.004337
6050.75 0.003947
6053.50 0.004911
6056.25 0.003304
6059.00 0.004508
6061.75 0.004353
6064.50 0.005221
6067.25 0.004082
6070.00 0.003532
6072.75 0.003939
6075.50 0.004195
6078.25 0.005046
6081.00 0.004104
6083.75 0.003180
6086.50 0.004391
6089.25 0.004002
6092.00 0.003964
6094.75 0.004476
6097.50 0.004752
6100.25 0.003689
6103.00 0.004184
6105.75 0.004071
6108.50 0.003866
6111.25 0.004467
6114.00 0.003632
6116.75 0.003836
6119.50 0.003544
6122.25 0.003109
6125.00 0.003231
6127.75 0.003068
6130.50 0.003293
6133.25 0.002107
6136.00 0.003204
6138.75 0.002758
6141.50 0.003057
6144.25 0.002906
6147.00 0.003419
6149.75 0.004009
6152.50 0.002682
6155.25 0.002522
6158.00 0.002871
6160.75 0.002825
6163.50 0.001870
6166.25 0.002496
6169.00 0.002445
6171.75 0.001893
6174.50 0.002762
6177.25 0.002361
6180.00 0.001608
6182.75 0.002108
6185.50 0.002482
6188.25 0.002421
6191.00 0.001962
6193.75 0.001809
6196.50 0.001130
6199.25 0.002537
6202.00 0.003076
6204.75 0.001851
6207.50 0.003137
6210.25 0.002317
6213.00 0.002340
6215.75 0.002466
6218.50 0.002266
6221.25 0.002236
6224.00 0.002276
6226.75 0.002527
6229.50 0.002254
6232.25 0.002055
6235.00 0.002532
6237.75 0.002010
6240.50 0.001994
6243.25 0.001635
6246.00 0.001980
6248.75 0.001586
6251.50 0.001597
6254.25 0.001700
6257.00 0.002280
6259.75 0.002450
6262.50 0.002731
6265.25 0.001988
6268.00 0.002656
6270.75 0.002211
6273.50 0.001967
6276.25 0.001334
6279.00 0.001460
6281.75 0.001938
6284.50 0.002716
6287.25 0.002250
6290.00 0.002279
6292.75 0.002799
6295.50 0.002724
6298.25 0.002897
6301.00 0.002306
6303.75 0.002863
6306.50 0.002836
6309.25 0.002968
6312.00 0.002229
6314.75 0.002510
6317.50 0.002808
6320.25 0.002421
6323.00 0.002232
6325.75 0.002299
6328.50 0.001857
6331.25 0.003108
6334.00 0.002508
6336.75 0.002606
6339.50 0.002309
6342.25 0.002102
6345.00 0.002484
6347.75 0.002288
6350.50 0.001827
6353.25 0.002077
6356.00 0.002485
6358.75 0.002185
6361.50 0.002672
6364.25 0.002212
6367.00 0.002149
6369.75 0.001933
6372.50 0.002197
6375.25 0.002527
6378.00 0.002350
6380.75 0.002665
6383.50 0.001631
6386.25 0.002011
6389.00 0.002085
6391.75 0.002081
6394.50 0.002038
6397.25 0.002007
6400.00 0.002763
6402.75 0.003130
6405.50 0.002218
6408.25 0.002086
6411.00 0.001916
6413.75 0.002113
6416.50 0.002181
6419.25 0.001557
6422.00 0.001726
6424.75 0.001498
6427.50 0.001627
6430.25 0.001830
6433.00 0.001148
6435.75 0.001628
6438.50 0.001802
6441.25 0.001403
6444.00 0.001418
6446.75 0.000893
6449.50 0.000948
6452.25 0.001370
6455.00 0.001726
6457.75 0.000876
6460.50 0.001003
6463.25 0.001231
6466.00 0.000703
6468.75 0.001273
6471.50 0.001707
6474.25 0.001973
6477.00 0.001840
6479.75 0.001307
6482.50 0.000048
6485.25 0.000548
6488.00 0.000155
6490.75 -0.001048
6493.50 -0.000813
6496.25 0.000075
6499.00 -0.000684
6501.75 -0.001145
6504.50 -0.001806
6507.25 -0.002378
6510.00 -0.002890
6512.75 -0.002749
6515.50 -0.003564
6518.25 -0.003660
6521.00 -0.004225
6523.75 -0.005217
6526.50 -0.005845
6529.25 -0.006389
6532.00 -0.007320
6534.75 -0.008753
6537.50 -0.010057
6540.25 -0.012506
6543.00 -0.014111
6545.75 -0.015801
6548.50 -0.019005
6551.25 -0.021066
6554.00 -0.024750
6556.75 -0.028166
6559.50 -0.030695
6562.25 -0.033755
6565.00 -0.037003
6567.75 -0.038239
6570.50 -0.033823
6573.25 -0.031548
6576.00 -0.029045
6578.75 -0.026346
6581.50 -0.023817
6584.25 -0.021815
6587.00 -0.020647
6589.75 -0.018803
6592.50 -0.015559
6595.25 -0.013868
6598.00 -0.013425
6600.75 -0.011935
6603.50 -0.010899
6606.25 -0.009625
6609.00 -0.008788
6611.75 -0.007830
6614.50 -0.006990
6617.25 -0.006385
6620.00 -0.006446
6622.75 -0.005633
6625.50 -0.005340
6628.25 -0.005467
6631.00 -0.004578
6633.75 -0.004989
6636.50 -0.004266
6639.25 -0.003538
6642.00 -0.003761
6644.75 -0.003261
6647.50 -0.003073
6650.25 -0.003347
6653.00 -0.002840
6655.75 -0.002838
6658.50 -0.002998
6661.25 -0.002351
6664.00 -0.002723
6666.75 -0.002358
6669.50 -0.002041
6672.25 -0.002681
6675.00 -0.002286
6677.75 -0.002340
6680.50 -0.001890
6683.25 -0.002096
6686.00 -0.002370
6688.75 -0.002285
6691.50 -0.002416
6694.25 -0.002700
6697.00 -0.002158
6699.75 -0.002197
6702.50 -0.001953
6705.25 -0.001973
6708.00 -0.002828
6710.75 -0.002462
6713.50 -0.002138
6716.25 -0.002463
6719.00 -0.002357
6721.75 -0.002765
6724.50 -0.002376
6727.25 -0.002019
6730.00 -0.002175
6732.75 -0.002389
6735.50 -0.002775
6738.25 -0.002138
6741.00 -0.001804
6743.75 -0.001947
6746.50 -0.001374
6749.25 -0.001760
6752.00 -0.002679
6754.75 -0.001894
6757.50 -0.001813
6760.25 -0.001832
6763.00 -0.001758
6765.75 -0.001486
6768.50 -0.001908
6771.25 -0.002034
6774.00 -0.001464
6776.75 -0.002011
6779.50 -0.002569
6782.25 -0.001467
6785.00 -0.001449
6787.75 -0.001638
6790.50 -0.001734
6793.25 -0.001452
6796.00 -0.001929
6798.75 -0.002032
6801.50 -0.001362
6804.25 -0.001885
6807.00 -0.001838
6809.75 -0.001917
6812.50 -0.002130
6815.25 -0.001380
6818.00 -0.002410
6820.75 -0.001604
6823.50 -0.001930
6826.25 -0.002307
6829.00 -0.001988
6831.75 -0.001555
6834.50 -0.001316
6837.25 -0.001347
6840.00 -0.001840
6842.75 -0.001935
6845.50 -0.001466
6848.25 -0.002060
6851.00 -0.001682
6853.75 -0.001865
6856.50 -0.001717
6859.25 -0.001745
6862.00 -0.001945
6864.75 -0.001608
6867.50 -0.001671
6870.25 -0.003146
6873.00 -0.002381
6875.75 -0.002080
6878.50 -0.002493
6881.25 -0.002620
6884.00 -0.002527
6886.75 -0.002466
6889.50 -0.002280
6892.25 -0.002174
6895.00 -0.002326
6897.75 -0.002053
6900.50 -0.002680
6903.25 -0.002451
6906.00 -0.002702
6908.75 -0.002467
6911.50 -0.002697
6914.25 -0.002759
6917.00 -0.002698
6919.75 -0.002336
6922.50 -0.002416
6925.25 -0.002297
6928.00 -0.002515
6930.75 -0.002046
6933.50 -0.001981
6936.25 -0.002329
6939.00 -0.002899
6941.75 -0.002422
6944.50 -0.002799
6947.25 -0.002873
6950.00 -0.002674
6952.75 -0.002772
6955.50 -0.002797
6958.25 -0.002623
6961.00 -0.002497
6963.75 -0.002506
6966.50 -0.002846
6969.25 -0.002489
6972.00 -0.002468
6974.75 -0.002376
6977.50 -0.002408
6980.25 -0.002675
6983.00 -0.002657
6985.75 -0.003213
6988.50 -0.003422
6991.25 -0.003165
6994.00 -0.003315
6996.75 -0.003124
6999.50 -0.003240
7002.25 -0.003112
7005.00 -0.003330
7007.75 -0.002898
7010.50 -0.002580
7013.25 -0.002804
7016.00 -0.002536
7018.75 -0.002783
7021.50 -0.002696
7024.25 -0.003075
7027.00 -0.003362
7029.75 -0.003365
7032.50 -0.002902
7035.25 -0.003195
7038.00 -0.004284
7040.75 -0.003441
7043.50 -0.004081
7046.25 -0.004199
7049.00 -0.004480
7051.75 -0.004098
7054.50 -0.004037
7057.25 -0.003915
7060.00 -0.005039
7062.75 -0.004342
7065.50 -0.004668
7068.25 -0.004809
7071.00 -0.004675
7073.75 -0.004431
7076.50 -0.004483
7079.25 -0.004202
7082.00 -0.004090
7084.75 -0.003984
7087.50 -0.003961
7090.25 -0.003399
7093.00 -0.003921
7095.75 -0.003661
7098.50 -0.004053
7101.25 -0.003646
7104.00 -0.004106
7106.75 -0.004063
7109.50 -0.004360
7112.25 -0.004170
7115.00 -0.004016
7117.75 -0.004429
7120.50 -0.003888
7123.25 -0.004362
7126.00 -0.004128
7128.75 -0.004311
7131.50 -0.004419
7134.25 -0.004461
7137.00 -0.004396
7139.75 -0.004313
7142.50 -0.004345
7145.25 -0.004799
7148.00 -0.005112
7150.75 -0.004484
7153.50 -0.005062
7156.25 -0.005001
7159.00 -0.005174
7161.75 -0.004930
7164.50 -0.004982
7167.25 -0.005170
7170.00 -0.005085
7172.75 -0.005054
7175.50 -0.005669
7178.25 -0.005264
7181.00 -0.005295
7183.75 -0.005173
7186.50 -0.005601
7189.25 -0.005706
7192.00 -0.006038
7194.75 -0.005763
7197.50 -0.005695
7200.25 -0.005944
7203.00 -0.004308
7205.75 -0.005738
7208.50 -0.005186
7211.25 -0.005894
7214.00 -0.005602
7216.75 -0.005370
7219.50 -0.005758
7222.25 -0.005808
7225.00 -0.005899
7227.75 -0.005965
7230.50 -0.005201
7233.25 -0.004740
7236.00 -0.005062
7238.75 -0.005075
7241.50 -0.005087
7244.25 -0.005019
7247.00 -0.005196
7249.75 -0.005326
7252.50 -0.005404
7255.25 -0.005268
7258.00 -0.005174
7260.75 -0.005435
7263.50 -0.005685
7266.25 -0.005445
7269.00 -0.005478
7271.75 -0.005148
7274.50 -0.005041
7277.25 -0.004781
7280.00 -0.004971
7282.75 -0.005015
7285.50 -0.005079
7288.25 -0.005071
7291.00 -0.005106
7293.75 -0.005575
7296.50 -0.005199
7299.25 -0.005243
7302.00 -0.005259
7304.75 -0.005220
7307.50 -0.005390
7310.25 -0.005084
7313.00 -0.005342
7315.75 -0.005259
7318.50 -0.005632
7321.25 -0.005885
7324.00 -0.005844
7326.75 -0.005579
7329.50 -0.005451
7332.25 -0.005409
7335.00 -0.005531
7337.75 -0.005636
7340.50 -0.005795
7343.25 -0.005681
7346.00 -0.005760
7348.75 -0.005497
7351.50 -0.005502
7354.25 -0.005480
7357.00 -0.005475
7359.75 -0.005364
7362.50 -0.005530
7365.25 -0.005443
7368.00 -0.005588
7370.75 -0.005755
7373.50 -0.005926
7376.25 -0.006271
7379.00 -0.005387
7381.75 -0.005988
7384.50 -0.006098
7387.25 -0.005617
7390.00 -0.006029
7392.75 -0.005978
7395.50 -0.005716
7398.25 -0.005880
7401.00 -0.006215
7403.75 -0.005748
7406.50 -0.006290
7409.25 -0.006258
7412.00 -0.006034
7414.75 -0.005781
7417.50 -0.005755
7420.25 -0.005697
7423.00 -0.005473
7425.75 -0.005913
7428.50 -0.005366
7431.25 -0.005615
7434.00 -0.005691
7436.75 -0.005792
7439.50 -0.005609
7442.25 -0.005826
7445.00 -0.005999
7447.75 -0.005736
7450.50 -0.005947
7453.25 -0.005841
7456.00 -0.005927
7458.75 -0.005778
7461.50 -0.005837
7464.25 -0.005599
7467.00 -0.005136
7469.75 -0.005476
7472.50 -0.005496
7475.25 -0.005503
7478.00 -0.005967
7480.75 -0.005551
7483.50 -0.005665
7486.25 -0.005636
7489.00 -0.005573
7491.75 -0.005189
7494.50 -0.005522
7497.25 -0.006226
7500.00 -0.005515
7502.75 -0.005089
7505.50 -0.005199
7508.25 -0.006042
7511.00 -0.005827
7513.75 -0.004873
7516.50 -0.005318
7519.25 -0.006111
7522.00 -0.005849
7524.75 -0.005679
7527.50 -0.005232
7530.25 -0.005426
7533.00 -0.005315
7535.75 -0.005466
7538.50 -0.004833
7541.25 -0.005074
7544.00 -0.005411
7546.75 -0.005057
7549.50 -0.004905
7552.25 -0.005520
7555.00 -0.004927
7557.75 -0.004456
7560.50 -0.004687
7563.25 -0.005570
7566.00 -0.005197
7568.75 -0.005089
7571.50 -0.004862
7574.25 -0.004685
7577.00 -0.005039
7579.75 -0.004810
7582.50 -0.004655
7585.25 -0.004589
7588.00 -0.004542
7590.75 -0.005068
7593.50 -0.004999
7596.25 -0.005162
7599.00 -0.005082
7601.75 -0.004974
7604.50 -0.004408
7607.25 -0.005545
7610.00 -0.005892
7612.75 -0.005093
7615.50 -0.004292
7618.25 -0.004331
7621.00 -0.005047
7623.75 -0.006023
7626.50 -0.004563
7629.25 -0.004523
7632.00 -0.004531
7634.75 -0.004899
7637.50 -0.004994
7640.25 -0.005574
7643.00 -0.004699
7645.75 -0.005124
7648.50 -0.004736
7651.25 -0.005404
7654.00 -0.005367
7656.75 -0.004812
7659.50 -0.004900
7662.25 -0.004921
7665.00 -0.005064
7667.75 -0.004247
7670.50 -0.004419
7673.25 -0.004815
7676.00 -0.004858
7678.75 -0.004656
7681.50 -0.004507
7684.25 -0.004960
7687.00 -0.005251
7689.75 -0.004655
7692.50 -0.004755
7695.25 -0.005942
7698.00 -0.005626
7700.75 -0.005094
7703.50 -0.005529
7706.25 -0.005159
7709.00 -0.005911
7711.75 -0.005588
7714.50 -0.005526
7717.25 -0.005416
7720.00 -0.005140
7722.75 -0.006035
7725.50 -0.005650
7728.25 -0.005722
7731.00 -0.005532
7733.75 -0.005406
7736.50 -0.005684
7739.25 -0.005092
7742.00 -0.005104
7744.75 -0.005000
7747.50 -0.004681
7750.25 -0.004914
7753.00 -0.004868
7755.75 -0.004680
7758.50 -0.004787
7761.25 -0.004881
7764.00 -0.004747
7766.75 -0.006396
7769.50 -0.005943
7772.25 -0.005297
7775.00 -0.005985
7777.75 -0.006042
7780.50 -0.006126
7783.25 -0.005948
7786.00 -0.006019
7788.75 -0.006611
7791.50 -0.006337
7794.25 -0.006722
7797.00 -0.006347
7799.75 -0.006677
7802.50 -0.006813
7805.25 -0.007723
7808.00 -0.008472
7810.75 -0.008009
7813.50 -0.008685
7816.25 -0.008036
7819.00 -0.008614
7821.75 -0.007749
7824.50 -0.008333
7827.25 -0.008456
7830.00 -0.007795
7832.75 -0.008494
7835.50 -0.008118
7838.25 -0.008036
7841.00 -0.007445
7843.75 -0.008059
7846.50 -0.007794
7849.25 -0.007877
7852.00 -0.008284
7854.75 -0.008073
7857.50 -0.008174
7860.25 -0.007942
7863.00 -0.008415
7865.75 -0.008953
7868.50 -0.008872
7871.25 -0.008837
7874.00 -0.008478
7876.75 -0.007574
7879.50 -0.007402
7882.25 -0.007370
7885.00 -0.008136
7887.75 -0.007215
7890.50 -0.006751
7893.25 -0.007410
7896.00 -0.007084
7898.75 -0.006690
7901.50 -0.007139
7904.25 -0.006885
7907.00 -0.007226
7909.75 -0.007579
7912.50 -0.007147
7915.25 -0.006867
7918.00 -0.007634
7920.75 -0.006982
7923.50 -0.006466
7926.25 -0.006663
7929.00 -0.006243
7931.75 -0.005851
7934.50 -0.006005
7937.25 -0.006381
7940.00 -0.005906
7942.75 -0.007150
7945.50 -0.006487
7948.25 -0.006713
7951.00 -0.006242
7953.75 -0.006371
7956.50 -0.006363
7959.25 -0.006147
7962.00 -0.006344
7964.75 -0.006448
7967.50 -0.006530
7970.25 -0.006427
7973.00 -0.005576
7975.75 -0.006077
7978.50 -0.005819
7981.25 -0.005770
7984.00 -0.006235
7986.75 -0.006876
7989.50 -0.005465
7992.25 -0.005755
7995.00 -0.005584
7997.75 -0.006182
