900.00 -0.041473
902.75 -0.044568
905.50 -0.041050
908.25 -0.045847
911.00 -0.046736
913.75 -0.048649
916.50 -0.048640
919.25 -0.046703
922.00 -0.050018
924.75 -0.050085
927.50 -0.049535
930.25 -0.052869
933.00 -0.052381
935.75 -0.056054
938.50 -0.062176
941.25 -0.056536
944.00 -0.063188
946.75 -0.061822
949.50 -0.055360
952.25 -0.059281
955.00 -0.054516
957.75 -0.054986
960.50 -0.052498
963.25 -0.053916
966.00 -0.057998
968.75 -0.062695
971.50 -0.064276
974.25 -0.062882
977.00 -0.059949
979.75 -0.065964
982.50 -0.069893
985.25 -0.065424
988.00 -0.070562
990.75 -0.066494
993.50 -0.064340
996.25 -0.059137
999.00 -0.059161
1001.75 -0.058652
1004.50 -0.058442
1007.25 -0.054390
1010.00 -0.058385
1012.75 -0.058909
1015.50 -0.057626
1018.25 -0.057469
1021.00 -0.054480
1023.75 -0.054494
1026.50 -0.061525
1029.25 -0.060812
1032.00 -0.066596
1034.75 -0.072385
1037.50 -0.073596
1040.25 -0.067089
1043.00 -0.065929
1045.75 -0.062925
1048.50 -0.061498
1051.25 -0.062554
1054.00 -0.062558
1056.75 -0.065900
1059.50 -0.067818
1062.25 -0.067615
1065.00 -0.065696
1067.75 -0.070712
1070.50 -0.069114
1073.25 -0.066981
1076.00 -0.067607
1078.75 -0.065006
1081.50 -0.063667
1084.25 -0.066485
1087.00 -0.062813
1089.75 -0.061309
1092.50 -0.059362
1095.25 -0.056696
1098.00 -0.059280
1100.75 -0.055601
1103.50 -0.053987
1106.25 -0.050632
1109.00 -0.058081
1111.75 -0.058961
1114.50 -0.051834
1117.25 -0.057339
1120.00 -0.056338
1122.75 -0.054022
1125.50 -0.050903
1128.25 -0.051801
1131.00 -0.049678
1133.75 -0.049051
1136.50 -0.050726
1139.25 -0.048655
1142.00 -0.047015
1144.75 -0.046419
1147.50 -0.046358
1150.25 -0.043927
1153.00 -0.045123
1155.75 -0.046885
1158.50 -0.049861
1161.25 -0.048326
1164.00 -0.051014
1166.75 -0.051879
1169.50 -0.049071
1172.25 -0.044219
1175.00 -0.043072
1177.75 -0.044005
1180.50 -0.043296
1183.25 -0.046892
1186.00 -0.050637
1188.75 -0.049785
1191.50 -0.040384
1194.25 -0.027260
1197.00 -0.036276
1199.75 -0.032470
1202.50 -0.011643
1205.25 -0.005371
1208.00 0.046502
1210.75 0.187981
1213.50 0.431065
1216.25 0.488316
1219.00 0.316034
1221.75 0.189608
1224.50 0.105273
1227.25 0.058616
1230.00 0.030569
1232.75 0.014395
1235.50 0.016039
1238.25 0.024967
1241.00 0.030383
1243.75 0.016609
1246.50 0.002279
1249.25 -0.005098
1252.00 -0.006317
1254.75 -0.008038
1257.50 -0.010297
1260.25 -0.008465
1263.00 -0.008761
1265.75 -0.011312
1268.50 -0.012573
1271.25 -0.014455
1274.00 -0.012853
1276.75 -0.012507
1279.50 -0.011725
1282.25 -0.010369
1285.00 -0.009932
1287.75 -0.009853
1290.50 -0.009913
1293.25 -0.007822
1296.00 -0.005798
1298.75 -0.004010
1301.50 -0.000523
1304.25 0.003177
1307.00 0.002899
1309.75 -0.000831
1312.50 -0.004399
1315.25 -0.007733
1318.00 -0.009134
1320.75 -0.011514
1323.50 -0.012567
1326.25 -0.012532
1329.00 -0.012377
1331.75 -0.011539
1334.50 -0.009313
1337.25 -0.010981
1340.00 -0.011163
1342.75 -0.012584
1345.50 -0.011622
1348.25 -0.011784
1351.00 -0.011456
1353.75 -0.010185
1356.50 -0.011087
1359.25 -0.010031
1362.00 -0.008783
1364.75 -0.007958
1367.50 -0.007736
1370.25 -0.007650
1373.00 -0.007826
1375.75 -0.008184
1378.50 -0.008351
1381.25 -0.009627
1384.00 -0.009519
1386.75 -0.008284
1389.50 -0.007726
1392.25 -0.006693
1395.00 -0.005959
1397.75 -0.005563
1400.50 -0.004752
1403.25 -0.004891
1406.00 -0.006488
1408.75 -0.009323
1411.50 -0.010307
1414.25 -0.011075
1417.00 -0.010038
1419.75 -0.010015
1422.50 -0.009908
1425.25 -0.009704
1428.00 -0.009117
1430.75 -0.009281
1433.50 -0.009432
1436.25 -0.008369
1439.00 -0.008225
1441.75 -0.007607
1444.50 -0.007352
1447.25 -0.007557
1450.00 -0.007493
1452.75 -0.006885
1455.50 -0.006063
1458.25 -0.006349
1461.00 -0.005715
1463.75 -0.005307
1466.50 -0.005299
1469.25 -0.004662
1472.00 -0.004137
1474.75 -0.004182
1477.50 -0.003531
1480.25 -0.003082
1483.00 -0.001775
1485.75 -0.001710
1488.50 -0.001930
1491.25 -0.002547
1494.00 -0.001816
1496.75 -0.001911
1499.50 -0.001382
1502.25 -0.000958
1505.00 -0.000588
1507.75 -0.000544
1510.50 -0.000491
1513.25 0.000328
1516.00 0.001962
1518.75 0.004570
1521.50 0.006899
1524.25 0.008534
1527.00 0.009913
1529.75 0.010070
1532.50 0.010431
1535.25 0.009807
1538.00 0.013691
1540.75 0.023646
1543.50 0.034524
1546.25 0.046188
1549.00 0.052944
1551.75 0.046955
1554.50 0.033058
1557.25 0.021164
1560.00 0.014492
1562.75 0.011198
1565.50 0.008600
1568.25 0.007081
1571.00 0.005949
1573.75 0.005533
1576.50 0.004345
1579.25 0.004193
1582.00 0.003664
1584.75 0.003330
1587.50 0.003375
1590.25 0.003049
1593.00 0.003316
1595.75 0.002991
1598.50 0.003220
1601.25 0.002925
1604.00 0.003057
1606.75 0.003205
1609.50 0.003126
1612.25 0.003389
1615.00 0.003855
1617.75 0.003977
1620.50 0.004457
1623.25 0.004357
1626.00 0.005035
1628.75 0.005479
1631.50 0.006120
1634.25 0.007026
1637.00 0.007937
1639.75 0.008581
1642.50 0.007371
1645.25 0.006480
1648.00 0.006356
1650.75 0.006363
1653.50 0.006111
1656.25 0.006408
1659.00 0.006789
1661.75 0.007148
1664.50 0.006974
1667.25 0.006509
1670.00 0.005765
1672.75 0.005286
1675.50 0.005056
1678.25 0.004398
1681.00 0.003882
1683.75 0.003790
1686.50 0.003259
1689.25 0.003135
1692.00 0.002752
1694.75 0.002687
1697.50 0.002549
1700.25 0.002240
1703.00 0.002375
1705.75 0.002139
1708.50 0.002103
1711.25 0.002194
1714.00 0.001957
1716.75 0.001750
1719.50 0.001814
1722.25 0.002172
1725.00 0.002048
1727.75 0.002265
1730.50 0.002262
1733.25 0.001957
1736.00 0.002133
1738.75 0.002206
1741.50 0.002638
1744.25 0.002672
1747.00 0.002955
1749.75 0.002830
1752.50 0.002927
1755.25 0.002440
1758.00 0.002504
1760.75 0.002436
1763.50 0.002231
1766.25 0.002417
1769.00 0.002046
1771.75 0.002121
1774.50 0.002213
1777.25 0.002437
1780.00 0.002438
1782.75 0.002337
1785.50 0.002752
1788.25 0.002474
1791.00 0.002455
1793.75 0.002520
1796.50 0.002338
1799.25 0.002437
1802.00 0.002346
1804.75 0.002449
1807.50 0.002625
1810.25 0.002775
1813.00 0.002645
1815.75 0.002710
1818.50 0.002785
1821.25 0.002686
1824.00 0.002594
1826.75 0.002522
1829.50 0.002472
1832.25 0.002455
1835.00 0.002262
1837.75 0.002306
1840.50 0.002240
1843.25 0.001859
1846.00 0.001945
1848.75 0.001868
1851.50 0.001815
1854.25 0.002151
1857.00 0.002003
1859.75 0.001887
1862.50 0.002037
1865.25 0.001820
1868.00 0.001945
1870.75 0.001720
1873.50 0.002014
1876.25 0.002022
1879.00 0.002145
1881.75 0.002416
1884.50 0.002603
1887.25 0.002954
1890.00 0.003692
1892.75 0.004134
1895.50 0.004292
1898.25 0.005046
1901.00 0.005815
1903.75 0.007686
1906.50 0.009146
1909.25 0.008992
1912.00 0.007708
1914.75 0.006023
1917.50 0.004698
1920.25 0.003691
1923.00 0.002924
1925.75 0.002636
1928.50 0.002214
1931.25 0.002117
1934.00 0.001957
1936.75 0.001705
1939.50 0.001757
1942.25 0.001540
1945.00 0.001624
1947.75 0.001458
1950.50 0.001464
1953.25 0.001580
1956.00 0.001425
1958.75 0.001232
1961.50 0.001391
1964.25 0.001397
1967.00 0.001291
1969.75 0.001513
1972.50 0.001593
1975.25 0.001650
1978.00 0.001473
1980.75 0.001490
1983.50 0.001700
1986.25 0.001893
1989.00 0.001855
1991.75 0.001724
1994.50 0.001694
1997.25 0.001639
2000.00 0.001687
2002.75 0.001796
2005.50 0.001752
2008.25 0.001841
2011.00 0.001848
2013.75 0.001857
2016.50 0.001950
2019.25 0.001950
2022.00 0.002014
2024.75 0.001829
2027.50 0.002041
2030.25 0.001765
2033.00 0.002020
2035.75 0.001941
2038.50 0.001919
2041.25 0.001860
2044.00 0.001869
2046.75 0.001834
2049.50 0.001924
2052.25 0.002019
2055.00 0.001842
2057.75 0.001845
2060.50 0.001833
2063.25 0.001885
2066.00 0.001751
2068.75 0.001820
2071.50 0.001909
2074.25 0.001936
2077.00 0.001892
2079.75 0.002002
2082.50 0.001611
2085.25 0.001866
2088.00 0.001958
2090.75 0.001877
2093.50 0.001890
2096.25 0.001686
2099.00 0.001614
2101.75 0.001850
2104.50 0.001538
2107.25 0.001788
2110.00 0.001887
2112.75 0.001736
2115.50 0.001478
2118.25 0.001597
2121.00 0.001361
2123.75 0.001551
2126.50 0.001548
2129.25 0.001624
2132.00 0.001555
2134.75 0.001546
2137.50 0.001804
2140.25 0.001457
2143.00 0.001589
2145.75 0.001707
2148.50 0.001666
2151.25 0.001827
2154.00 0.001697
2156.75 0.001601
2159.50 0.001678
2162.25 0.001711
2165.00 0.001791
2167.75 0.001783
2170.50 0.001725
2173.25 0.001823
2176.00 0.001790
2178.75 0.001844
2181.50 0.001796
2184.25 0.001820
2187.00 0.001647
2189.75 0.001885
2192.50 0.001617
2195.25 0.001846
2198.00 0.001797
2200.75 0.001968
2203.50 0.001927
2206.25 0.001612
2209.00 0.001922
2211.75 0.001713
2214.50 0.001922
2217.25 0.001811
2220.00 0.001716
2222.75 0.001665
2225.50 0.001721
2228.25 0.001818
2231.00 0.001743
2233.75 0.001758
2236.50 0.001775
2239.25 0.001747
2242.00 0.001839
2244.75 0.001771
2247.50 0.001761
2250.25 0.001880
2253.00 0.001846
2255.75 0.001848
2258.50 0.001826
2261.25 0.002035
2264.00 0.002000
2266.75 0.001981
2269.50 0.001874
2272.25 0.001999
2275.00 0.001913
2277.75 0.002088
2280.50 0.002085
2283.25 0.002017
2286.00 0.001810
2288.75 0.001987
2291.50 0.001889
2294.25 0.002002
2297.00 0.002054
2299.75 0.001827
2302.50 0.001934
2305.25 0.001995
2308.00 0.001928
2310.75 0.001963
2313.50 0.002161
2316.25 0.002152
2319.00 0.002345
2321.75 0.002247
2324.50 0.002426
2327.25 0.002322
2330.00 0.002411
2332.75 0.002157
2335.50 0.002160
2338.25 0.002288
2341.00 0.002012
2343.75 0.002253
2346.50 0.001998
2349.25 0.002101
2352.00 0.002141
2354.75 0.001888
2357.50 0.002211
2360.25 0.002011
2363.00 0.002110
2365.75 0.002021
2368.50 0.002057
2371.25 0.002124
2374.00 0.002037
2376.75 0.001972
2379.50 0.002097
2382.25 0.002262
2385.00 0.002200
2387.75 0.002338
2390.50 0.002349
2393.25 0.002303
2396.00 0.002308
2398.75 0.002089
2401.50 0.002252
2404.25 0.002382
2407.00 0.002399
2409.75 0.002290
2412.50 0.002342
2415.25 0.002163
2418.00 0.002233
2420.75 0.002237
2423.50 0.002250
2426.25 0.002624
2429.00 0.002491
2431.75 0.002403
2434.50 0.002309
2437.25 0.002475
2440.00 0.002394
2442.75 0.002497
2445.50 0.002588
2448.25 0.002528
2451.00 0.002477
2453.75 0.002385
2456.50 0.002427
2459.25 0.002272
2462.00 0.002266
2464.75 0.002413
2467.50 0.002280
2470.25 0.002312
2473.00 0.002305
2475.75 0.002330
2478.50 0.002322
2481.25 0.002254
2484.00 0.002359
2486.75 0.002353
2489.50 0.002439
2492.25 0.002342
2495.00 0.002416
2497.75 0.002444
2500.50 0.002376
2503.25 0.002524
2506.00 0.002565
2508.75 0.002498
2511.50 0.002551
2514.25 0.002325
2517.00 0.002364
2519.75 0.002187
2522.50 0.002285
2525.25 0.002472
2528.00 0.002354
2530.75 0.002284
2533.50 0.002405
2536.25 0.002336
2539.00 0.002287
2541.75 0.002480
2544.50 0.002428
2547.25 0.002414
2550.00 0.002112
2552.75 0.002292
2555.50 0.002321
2558.25 0.002230
2561.00 0.002334
2563.75 0.002366
2566.50 0.002332
2569.25 0.002376
2572.00 0.002460
2574.75 0.002510
2577.50 0.002577
2580.25 0.002318
2583.00 0.002245
2585.75 0.002143
2588.50 0.002130
2591.25 0.002312
2594.00 0.002292
2596.75 0.002363
2599.50 0.002269
2602.25 0.002454
2605.00 0.002234
2607.75 0.002267
2610.50 0.002266
2613.25 0.002323
2616.00 0.002007
2618.75 0.001997
2621.50 0.002008
2624.25 0.002259
2627.00 0.002323
2629.75 0.002244
2632.50 0.002044
2635.25 0.002102
2638.00 0.001978
2640.75 0.001835
2643.50 0.001842
2646.25 0.002017
2649.00 0.001995
2651.75 0.002086
2654.50 0.002089
2657.25 0.001926
2660.00 0.002078
2662.75 0.002090
2665.50 0.001969
2668.25 0.001893
2671.00 0.001796
2673.75 0.001998
2676.50 0.001934
2679.25 0.002138
2682.00 0.002121
2684.75 0.002282
2687.50 0.002134
2690.25 0.002243
2693.00 0.002106
2695.75 0.001942
2698.50 0.001901
2701.25 0.001989
2704.00 0.002046
2706.75 0.002106
2709.50 0.002306
2712.25 0.002180
2715.00 0.002372
2717.75 0.002255
2720.50 0.002268
2723.25 0.002343
2726.00 0.002500
2728.75 0.002459
2731.50 0.002396
2734.25 0.002432
2737.00 0.002215
2739.75 0.002263
2742.50 0.002303
2745.25 0.002361
2748.00 0.002356
2750.75 0.002344
2753.50 0.002445
2756.25 0.002410
2759.00 0.002600
2761.75 0.002600
2764.50 0.002755
2767.25 0.002596
2770.00 0.002524
2772.75 0.002861
2775.50 0.002835
2778.25 0.002599
2781.00 0.002821
2783.75 0.002949
2786.50 0.003109
2789.25 0.003466
2792.00 0.003821
2794.75 0.004157
2797.50 0.004140
2800.25 0.003960
2803.00 0.003689
2805.75 0.003484
2808.50 0.003246
2811.25 0.002952
2814.00 0.003111
2816.75 0.002881
2819.50 0.002986
2822.25 0.002741
2825.00 0.002624
2827.75 0.002773
2830.50 0.002568
2833.25 0.002351
2836.00 0.002239
2838.75 0.002044
2841.50 0.002357
2844.25 0.002371
2847.00 0.002329
2849.75 0.002050
2852.50 0.002070
2855.25 0.002226
2858.00 0.002376
2860.75 0.002098
2863.50 0.002116
2866.25 0.002056
2869.00 0.002081
2871.75 0.002240
2874.50 0.001747
2877.25 0.001942
2880.00 0.001982
2882.75 0.002196
2885.50 0.001807
2888.25 0.001884
2891.00 0.002038
2893.75 0.002034
2896.50 0.001883
2899.25 0.002105
2902.00 0.002058
2904.75 0.002019
2907.50 0.001667
2910.25 0.001887
2913.00 0.001749
2915.75 0.001822
2918.50 0.001660
2921.25 0.001986
2924.00 0.001765
2926.75 0.002014
2929.50 0.002117
2932.25 0.001836
2935.00 0.002176
2937.75 0.001897
2940.50 0.002038
2943.25 0.002005
2946.00 0.001960
2948.75 0.001706
2951.50 0.001782
2954.25 0.001787
2957.00 0.002042
2959.75 0.001630
2962.50 0.001778
2965.25 0.001974
2968.00 0.002119
2970.75 0.002028
2973.50 0.002125
2976.25 0.001880
2979.00 0.001832
2981.75 0.001855
2984.50 0.001750
2987.25 0.001773
2990.00 0.001695
2992.75 0.001762
2995.50 0.001697
2998.25 0.001786
3001.00 0.001687
3003.75 0.001660
3006.50 0.001475
3009.25 0.001486
3012.00 0.001514
3014.75 0.001604
3017.50 0.001704
3020.25 0.001836
3023.00 0.001596
3025.75 0.001530
3028.50 0.001666
3031.25 0.001469
3034.00 0.001611
3036.75 0.001588
3039.50 0.001477
3042.25 0.001532
3045.00 0.001555
3047.75 0.001745
3050.50 0.001440
3053.25 0.001651
3056.00 0.001598
3058.75 0.001600
3061.50 0.001493
3064.25 0.001714
3067.00 0.001404
3069.75 0.001551
3072.50 0.001838
3075.25 0.001592
3078.00 0.001561
3080.75 0.001710
3083.50 0.001658
3086.25 0.001700
3089.00 0.001661
3091.75 0.001739
3094.50 0.001603
3097.25 0.001355
3100.00 0.001918
3102.75 0.001891
3105.50 0.001707
3108.25 0.001753
3111.00 0.001692
3113.75 0.001467
3116.50 0.001721
3119.25 0.001939
3122.00 0.001908
3124.75 0.001924
3127.50 0.001782
3130.25 0.001769
3133.00 0.001870
3135.75 0.001615
3138.50 0.001717
3141.25 0.001677
3144.00 0.001611
3146.75 0.001561
3149.50 0.001721
3152.25 0.001372
3155.00 0.001372
3157.75 0.001547
3160.50 0.001634
3163.25 0.001410
3166.00 0.001583
3168.75 0.001504
3171.50 0.001523
3174.25 0.001619
3177.00 0.001651
3179.75 0.001673
3182.50 0.001648
3185.25 0.001798
3188.00 0.001859
3190.75 0.002008
3193.50 0.002246
3196.25 0.002184
3199.00 0.001718
3201.75 0.001599
3204.50 0.001697
3207.25 0.001715
3210.00 0.001707
3212.75 0.001743
3215.50 0.001708
3218.25 0.001796
3221.00 0.001620
3223.75 0.001784
3226.50 0.001631
3229.25 0.001835
3232.00 0.001668
3234.75 0.001767
3237.50 0.001497
3240.25 0.001546
3243.00 0.001492
3245.75 0.001695
3248.50 0.001618
3251.25 0.001550
3254.00 0.001611
3256.75 0.001733
3259.50 0.001538
3262.25 0.001581
3265.00 0.001466
3267.75 0.001749
3270.50 0.001628
3273.25 0.001364
3276.00 0.001416
3278.75 0.001418
3281.50 0.001516
3284.25 0.001471
3287.00 0.001434
3289.75 0.001541
3292.50 0.001232
3295.25 0.001387
3298.00 0.001538
3300.75 0.001480
3303.50 0.001491
3306.25 0.001280
3309.00 0.001466
3311.75 0.001359
3314.50 0.001032
3317.25 0.001445
3320.00 0.001388
3322.75 0.001401
3325.50 0.001542
3328.25 0.001354
3331.00 0.001352
3333.75 0.001389
3336.50 0.001583
3339.25 0.001263
3342.00 0.001357
3344.75 0.001440
3347.50 0.001058
3350.25 0.001422
3353.00 0.001177
3355.75 0.001546
3358.50 0.001287
3361.25 0.001422
3364.00 0.001476
3366.75 0.001385
3369.50 0.001075
3372.25 0.001379
3375.00 0.001617
3377.75 0.001409
3380.50 0.001280
3383.25 0.001602
3386.00 0.001421
3388.75 0.001173
3391.50 0.001287
3394.25 0.001602
3397.00 0.001614
3399.75 0.001602
3402.50 0.001797
3405.25 0.001601
3408.00 0.001675
3410.75 0.001632
3413.50 0.001507
3416.25 0.001619
3419.00 0.001458
3421.75 0.001757
3424.50 0.001605
3427.25 0.001372
3430.00 0.001207
3432.75 0.001340
3435.50 0.001344
3438.25 0.001177
3441.00 0.001506
3443.75 0.001661
3446.50 0.001615
3449.25 0.001291
3452.00 0.001272
3454.75 0.000917
3457.50 0.001233
3460.25 0.001615
3463.00 0.001214
3465.75 0.001049
3468.50 0.000936
3471.25 0.001078
3474.00 0.001255
3476.75 0.001417
3479.50 0.001612
3482.25 0.001313
3485.00 0.001385
3487.75 0.001126
3490.50 0.001067
3493.25 0.001516
3496.00 0.001598
3498.75 0.001471
3501.50 0.001429
3504.25 0.001122
3507.00 0.001374
3509.75 0.001268
3512.50 0.001322
3515.25 0.001283
3518.00 0.001066
3520.75 0.001478
3523.50 0.001324
3526.25 0.001407
3529.00 0.001105
3531.75 0.000711
3534.50 0.000855
3537.25 0.000846
3540.00 0.000694
3542.75 0.000673
3545.50 0.000874
3548.25 0.000645
3551.00 0.000808
3553.75 0.000654
3556.50 0.000522
3559.25 0.000567
3562.00 0.000828
3564.75 0.000400
3567.50 0.000811
3570.25 0.000931
3573.00 0.000753
3575.75 0.000688
3578.50 0.000855
3581.25 0.000792
3584.00 0.000708
3586.75 0.000979
3589.50 0.000914
3592.25 0.000710
3595.00 0.000705
3597.75 0.000642
3600.50 0.000729
3603.25 0.000705
3606.00 0.000678
3608.75 0.000722
3611.50 0.000740
3614.25 0.001046
3617.00 0.001024
3619.75 0.001007
3622.50 0.000903
3625.25 0.000936
3628.00 0.000712
3630.75 0.000605
3633.50 0.000810
3636.25 0.000939
3639.00 0.000912
3641.75 0.000726
3644.50 0.000895
3647.25 0.000752
3650.00 0.000620
3652.75 0.000363
3655.50 0.000526
3658.25 0.000619
3661.00 0.000740
3663.75 0.000544
3666.50 0.000501
3669.25 0.000611
3672.00 0.000412
3674.75 0.000413
3677.50 0.000621
3680.25 0.000531
3683.00 0.000430
3685.75 0.000561
3688.50 0.000714
3691.25 0.000390
3694.00 0.000499
3696.75 0.000364
3699.50 0.000385
3702.25 0.000524
3705.00 0.000616
3707.75 0.000572
3710.50 0.000425
3713.25 0.000739
3716.00 0.000424
3718.75 0.000713
3721.50 0.000876
3724.25 0.000965
3727.00 0.000807
3729.75 0.000540
3732.50 0.000390
3735.25 0.000322
3738.00 0.000261
3740.75 -0.000006
3743.50 0.000257
3746.25 0.000221
3749.00 0.000208
3751.75 0.000368
3754.50 0.000557
3757.25 0.000407
3760.00 0.000616
3762.75 0.000415
3765.50 0.000408
3768.25 0.000382
3771.00 0.000166
3773.75 0.000270
3776.50 0.000091
3779.25 0.000263
3782.00 0.000075
3784.75 -0.000118
3787.50 -0.000036
3790.25 -0.000143
3793.00 -0.000142
3795.75 -0.000114
3798.50 0.000244
3801.25 0.000190
3804.00 -0.000198
3806.75 -0.000441
3809.50 -0.000521
3812.25 -0.000394
3815.00 -0.000460
3817.75 -0.000612
3820.50 -0.000218
3823.25 -0.001145
3826.00 -0.000597
3828.75 -0.000093
3831.50 -0.000374
3834.25 0.001011
3837.00 0.000498
3839.75 0.000421
3842.50 0.000060
3845.25 -0.000206
3848.00 -0.001076
3850.75 0.000254
3853.50 -0.000374
3856.25 -0.000169
3859.00 0.000240
3861.75 0.000551
3864.50 0.001148
3867.25 0.000459
3870.00 0.000253
3872.75 0.000982
3875.50 -0.000937
3878.25 -0.000764
3881.00 -0.000068
3883.75 0.000302
3886.50 0.000223
3889.25 0.000464
3892.00 0.000218
3894.75 0.000672
3897.50 -0.000380
3900.25 -0.000593
3903.00 -0.000384
3905.75 -0.000536
3908.50 -0.000121
3911.25 0.000898
3914.00 -0.000910
3916.75 -0.000984
3919.50 -0.001020
3922.25 -0.000301
3925.00 -0.000737
3927.75 -0.000666
3930.50 0.000309
3933.25 -0.000093
3936.00 -0.000176
3938.75 0.000315
3941.50 -0.000588
3944.25 -0.000215
3947.00 -0.000912
3949.75 -0.000473
3952.50 -0.000954
3955.25 -0.000315
3958.00 0.000015
3960.75 -0.000511
3963.50 -0.000120
3966.25 0.000323
3969.00 0.000578
3971.75 0.000223
3974.50 -0.000576
3977.25 -0.000400
3980.00 -0.000014
3982.75 -0.000613
3985.50 -0.000770
3988.25 -0.000106
3991.00 -0.001030
3993.75 -0.000915
3996.50 -0.000930
3999.25 -0.001735
4002.00 -0.000803
4004.75 -0.000847
4007.50 -0.000770
4010.25 -0.001293
4013.00 -0.001317
4015.75 -0.001129
4018.50 -0.001606
4021.25 -0.002250
4024.00 -0.001901
4026.75 -0.001894
4029.50 -0.001380
4032.25 -0.001582
4035.00 -0.001534
4037.75 -0.001970
4040.50 -0.002284
4043.25 -0.001682
4046.00 -0.001744
4048.75 -0.001648
4051.50 -0.001593
4054.25 -0.001598
4057.00 -0.001503
4059.75 -0.001108
4062.50 -0.001066
4065.25 -0.001140
4068.00 -0.000963
4070.75 -0.001733
4073.50 -0.001144
4076.25 -0.001199
4079.00 -0.001339
4081.75 -0.001334
4084.50 -0.001257
4087.25 -0.000898
4090.00 -0.000765
4092.75 -0.000226
4095.50 -0.001125
4098.25 -0.000243
4101.00 -0.000425
4103.75 -0.000017
4106.50 -0.000538
4109.25 -0.000718
4112.00 -0.000561
4114.75 -0.000747
4117.50 -0.000780
4120.25 -0.000843
4123.00 -0.001294
4125.75 -0.001517
4128.50 -0.001466
4131.25 -0.000924
4134.00 -0.001027
4136.75 -0.001493
4139.50 -0.001456
4142.25 -0.001283
4145.00 -0.001420
4147.75 -0.001679
4150.50 -0.001257
4153.25 -0.001907
4156.00 -0.001971
4158.75 -0.001073
4161.50 -0.001335
4164.25 -0.001253
4167.00 -0.001276
4169.75 -0.001463
4172.50 -0.001058
4175.25 -0.001491
4178.00 -0.001233
4180.75 -0.001449
4183.50 -0.001583
4186.25 -0.001301
4189.00 -0.001647
4191.75 -0.001791
4194.50 -0.001337
4197.25 -0.001475
4200.00 -0.002014
4202.75 -0.001721
4205.50 -0.001517
4208.25 -0.001663
4211.00 -0.001752
4213.75 -0.001780
4216.50 -0.001514
4219.25 -0.001916
4222.00 -0.001881
4224.75 -0.001916
4227.50 -0.001650
4230.25 -0.001469
4233.00 -0.001493
4235.75 -0.001449
4238.50 -0.001729
4241.25 -0.001709
4244.00 -0.001759
4246.75 -0.001948
4249.50 -0.001426
4252.25 -0.001313
4255.00 -0.001730
4257.75 -0.001929
4260.50 -0.001404
4263.25 -0.001960
4266.00 -0.002167
4268.75 -0.002229
4271.50 -0.001729
4274.25 -0.001644
4277.00 -0.002030
4279.75 -0.001841
4282.50 -0.001709
4285.25 -0.001860
4288.00 -0.001652
4290.75 -0.001665
4293.50 -0.001125
4296.25 -0.001607
4299.00 -0.001166
4301.75 -0.001602
4304.50 -0.001122
4307.25 -0.001279
4310.00 -0.001570
4312.75 -0.001279
4315.50 -0.001097
4318.25 -0.001169
4321.00 -0.001593
4323.75 -0.000685
4326.50 -0.000852
4329.25 -0.001171
4332.00 -0.000404
4334.75 -0.000198
4337.50 -0.000224
4340.25 -0.000000
4343.00 -0.000246
4345.75 -0.000303
4348.50 -0.000738
4351.25 -0.000541
4354.00 -0.000632
4356.75 -0.000500
4359.50 -0.000670
4362.25 -0.000552
4365.00 -0.000697
4367.75 -0.001366
4370.50 -0.001253
4373.25 -0.001587
4376.00 -0.001795
4378.75 -0.001738
4381.50 -0.001277
4384.25 -0.001377
4387.00 -0.001546
4389.75 -0.002006
4392.50 -0.001272
4395.25 -0.001817
4398.00 -0.002026
4400.75 -0.001478
4403.50 -0.001697
4406.25 -0.001966
4409.00 -0.002129
4411.75 -0.001837
4414.50 -0.001772
4417.25 -0.002018
4420.00 -0.001721
4422.75 -0.001685
4425.50 -0.001809
4428.25 -0.001600
4431.00 -0.001869
4433.75 -0.001930
4436.50 -0.001971
4439.25 -0.002050
4442.00 -0.001527
4444.75 -0.001709
4447.50 -0.002036
4450.25 -0.001595
4453.00 -0.001870
4455.75 -0.002087
4458.50 -0.001803
4461.25 -0.001660
4464.00 -0.001537
4466.75 -0.001459
4469.50 -0.002095
4472.25 -0.001952
4475.00 -0.001656
4477.75 -0.001550
4480.50 -0.001647
4483.25 -0.001528
4486.00 -0.001905
4488.75 -0.001639
4491.50 -0.001587
4494.25 -0.001637
4497.00 -0.001958
4499.75 -0.001741
4502.50 -0.001871
4505.25 -0.001215
4508.00 -0.001447
4510.75 -0.001705
4513.50 -0.002041
4516.25 -0.001714
4519.00 -0.001811
4521.75 -0.001449
4524.50 -0.001381
4527.25 -0.001410
4530.00 -0.001360
4532.75 -0.001662
4535.50 -0.001561
4538.25 -0.001494
4541.00 -0.002002
4543.75 -0.001452
4546.50 -0.001621
4549.25 -0.001553
4552.00 -0.001649
4554.75 -0.001808
4557.50 -0.001388
4560.25 -0.001354
4563.00 -0.001816
4565.75 -0.001892
4568.50 -0.001870
4571.25 -0.001772
4574.00 -0.001565
4576.75 -0.001788
4579.50 -0.001651
4582.25 -0.001710
4585.00 -0.001851
4587.75 -0.001981
4590.50 -0.001794
4593.25 -0.001839
4596.00 -0.001672
4598.75 -0.001626
4601.50 -0.001732
4604.25 -0.001591
4607.00 -0.001747
4609.75 -0.002031
4612.50 -0.002055
4615.25 -0.001459
4618.00 -0.001319
4620.75 -0.001847
4623.50 -0.001696
4626.25 -0.001500
4629.00 -0.001370
4631.75 -0.001349
4634.50 -0.001637
4637.25 -0.001946
4640.00 -0.001944
4642.75 -0.001435
4645.50 -0.001552
4648.25 -0.001530
4651.00 -0.001561
4653.75 -0.001455
4656.50 -0.001754
4659.25 -0.001853
4662.00 -0.002055
4664.75 -0.001718
4667.50 -0.001842
4670.25 -0.001617
4673.00 -0.001553
4675.75 -0.001451
4678.50 -0.001416
4681.25 -0.001952
4684.00 -0.001827
4686.75 -0.001930
4689.50 -0.001827
4692.25 -0.001919
4695.00 -0.001806
4697.75 -0.001868
4700.50 -0.001899
4703.25 -0.002000
4706.00 -0.001772
4708.75 -0.001764
4711.50 -0.001747
4714.25 -0.001810
4717.00 -0.001664
4719.75 -0.001782
4722.50 -0.001786
4725.25 -0.001970
4728.00 -0.002098
4730.75 -0.002181
4733.50 -0.001737
4736.25 -0.001844
4739.00 -0.001745
4741.75 -0.001719
4744.50 -0.001889
4747.25 -0.001796
4750.00 -0.001929
4752.75 -0.002222
4755.50 -0.002021
4758.25 -0.002150
4761.00 -0.001961
4763.75 -0.001792
4766.50 -0.002022
4769.25 -0.001934
4772.00 -0.002072
4774.75 -0.001800
4777.50 -0.002150
4780.25 -0.001784
4783.00 -0.002007
4785.75 -0.001704
4788.50 -0.002079
4791.25 -0.001808
4794.00 -0.001903
4796.75 -0.001876
4799.50 -0.001908
4802.25 -0.002045
4805.00 -0.001812
4807.75 -0.002156
4810.50 -0.001959
4813.25 -0.002072
4816.00 -0.002002
4818.75 -0.002012
4821.50 -0.001603
4824.25 -0.001670
4827.00 -0.001503
4829.75 -0.001749
4832.50 -0.001284
4835.25 -0.001359
4838.00 -0.000922
4840.75 -0.000911
4843.50 -0.000510
4846.25 -0.000515
4849.00 -0.000158
4851.75 -0.000014
4854.50 0.000498
4857.25 0.001165
4860.00 0.001084
4862.75 0.001328
4865.50 0.000932
4868.25 0.000583
4871.00 0.000241
4873.75 0.000062
4876.50 -0.000093
4879.25 -0.000584
4882.00 -0.000536
4884.75 -0.000832
4887.50 -0.000616
4890.25 -0.000638
4893.00 -0.001080
4895.75 -0.001487
4898.50 -0.001728
4901.25 -0.001639
4904.00 -0.001657
4906.75 -0.001882
4909.50 -0.001976
4912.25 -0.001878
4915.00 -0.001670
4917.75 -0.001817
4920.50 -0.001398
4923.25 -0.001663
4926.00 -0.001903
4928.75 -0.002124
4931.50 -0.002115
4934.25 -0.001901
4937.00 -0.001892
4939.75 -0.001989
4942.50 -0.001754
4945.25 -0.001964
4948.00 -0.001975
4950.75 -0.001865
4953.50 -0.001236
4956.25 -0.000619
4959.00 -0.001061
4961.75 -0.002154
4964.50 -0.002508
4967.25 -0.002361
4970.00 -0.002216
4972.75 -0.002195
4975.50 -0.002113
4978.25 -0.002121
4981.00 -0.002122
4983.75 -0.002126
4986.50 -0.001960
4989.25 -0.002088
4992.00 -0.001930
4994.75 -0.001554
4997.50 -0.001013
5000.25 -0.000189
5003.00 0.001140
5005.75 0.002109
5008.50 -0.000756
5011.25 -0.003399
5014.00 -0.003379
5016.75 -0.002574
5019.50 -0.002164
5022.25 -0.002360
5025.00 -0.001975
5027.75 -0.002174
5030.50 -0.002363
5033.25 -0.002648
5036.00 -0.002269
5038.75 -0.002079
5041.50 -0.001968
5044.25 -0.001875
5047.00 -0.002012
5049.75 -0.002018
5052.50 -0.002064
5055.25 -0.002104
5058.00 -0.002152
5060.75 -0.002171
5063.50 -0.002202
5066.25 -0.002376
5069.00 -0.002002
5071.75 -0.002290
5074.50 -0.002269
5077.25 -0.002227
5080.00 -0.002238
5082.75 -0.002202
5085.50 -0.002381
5088.25 -0.002381
5091.00 -0.002390
5093.75 -0.002081
5096.50 -0.002132
5099.25 -0.002153
5102.00 -0.002461
5104.75 -0.002277
5107.50 -0.002508
5110.25 -0.002364
5113.00 -0.002150
5115.75 -0.002293
5118.50 -0.002398
5121.25 -0.002317
5124.00 -0.002223
5126.75 -0.002407
5129.50 -0.002211
5132.25 -0.002357
5135.00 -0.002710
5137.75 -0.002463
5140.50 -0.002150
5143.25 -0.002036
5146.00 -0.002281
5148.75 -0.002287
5151.50 -0.002253
5154.25 -0.001815
5157.00 -0.001941
5159.75 -0.002219
5162.50 -0.002020
5165.25 -0.002132
5168.00 -0.002087
5170.75 -0.001615
5173.50 -0.001517
5176.25 -0.002095
5179.00 -0.002300
5181.75 -0.002156
5184.50 -0.002180
5187.25 -0.002002
5190.00 -0.001919
5192.75 -0.001728
5195.50 -0.002226
5198.25 -0.002270
5201.00 -0.002369
5203.75 -0.002294
5206.50 -0.002117
5209.25 -0.002202
5212.00 -0.002370
5214.75 -0.002343
5217.50 -0.002245
5220.25 -0.002153
5223.00 -0.002445
5225.75 -0.002038
5228.50 -0.002172
5231.25 -0.002342
5234.00 -0.002328
5236.75 -0.002328
5239.50 -0.002162
5242.25 -0.002327
5245.00 -0.002255
5247.75 -0.002305
5250.50 -0.002364
5253.25 -0.002255
5256.00 -0.002325
5258.75 -0.002427
5261.50 -0.002297
5264.25 -0.002097
5267.00 -0.002088
5269.75 -0.001764
5272.50 -0.001997
5275.25 -0.002246
5278.00 -0.002324
5280.75 -0.002035
5283.50 -0.002114
5286.25 -0.002207
5289.00 -0.002251
5291.75 -0.002251
5294.50 -0.002472
5297.25 -0.002499
5300.00 -0.002462
5302.75 -0.002473
5305.50 -0.002223
5308.25 -0.002420
5311.00 -0.002399
5313.75 -0.002344
5316.50 -0.002426
5319.25 -0.002175
5322.00 -0.002075
5324.75 -0.002203
5327.50 -0.002237
5330.25 -0.002176
5333.00 -0.002214
5335.75 -0.002304
5338.50 -0.002230
5341.25 -0.002291
5344.00 -0.002436
5346.75 -0.002254
5349.50 -0.002445
5352.25 -0.002281
5355.00 -0.002304
5357.75 -0.002695
5360.50 -0.002503
5363.25 -0.002494
5366.00 -0.002524
5368.75 -0.002226
5371.50 -0.002295
5374.25 -0.002326
5377.00 -0.002395
5379.75 -0.002001
5382.50 -0.002401
5385.25 -0.002189
5388.00 -0.002247
5390.75 -0.002425
5393.50 -0.002449
5396.25 -0.002332
5399.00 -0.002359
5401.75 -0.002433
5404.50 -0.002115
5407.25 -0.002276
5410.00 -0.002333
5412.75 -0.002222
5415.50 -0.002362
5418.25 -0.002359
5421.00 -0.002383
5423.75 -0.002245
5426.50 -0.002320
5429.25 -0.002303
5432.00 -0.002407
5434.75 -0.002454
5437.50 -0.002272
5440.25 -0.002149
5443.00 -0.002542
5445.75 -0.002308
5448.50 -0.002221
5451.25 -0.002296
5454.00 -0.002424
5456.75 -0.002151
5459.50 -0.002132
5462.25 -0.002264
5465.00 -0.002433
5467.75 -0.002541
5470.50 -0.002546
5473.25 -0.002423
5476.00 -0.002287
5478.75 -0.002388
5481.50 -0.002199
5484.25 -0.002343
5487.00 -0.002381
5489.75 -0.002438
5492.50 -0.002507
5495.25 -0.002504
5498.00 -0.002285
5500.75 -0.002530
5503.50 -0.002429
5506.25 -0.002441
5509.00 -0.002201
5511.75 -0.002249
5514.50 -0.002298
5517.25 -0.002218
5520.00 -0.002535
5522.75 -0.002325
5525.50 -0.002294
5528.25 -0.002214
5531.00 -0.002104
5533.75 -0.002293
5536.50 -0.002382
5539.25 -0.002399
5542.00 -0.002550
5544.75 -0.002435
5547.50 -0.002577
5550.25 -0.002581
5553.00 -0.002289
5555.75 -0.002416
5558.50 -0.002651
5561.25 -0.002450
5564.00 -0.002520
5566.75 -0.002558
5569.50 -0.002591
5572.25 -0.002910
5575.00 -0.002749
5577.75 -0.003097
5580.50 -0.003037
5583.25 -0.002921
5586.00 -0.002884
5588.75 -0.002325
5591.50 -0.002381
5594.25 -0.002578
5597.00 -0.002531
5599.75 -0.002461
5602.50 -0.002431
5605.25 -0.002640
5608.00 -0.002779
5610.75 -0.002821
5613.50 -0.002757
5616.25 -0.002839
5619.00 -0.002660
5621.75 -0.002480
5624.50 -0.002453
5627.25 -0.002690
5630.00 -0.002885
5632.75 -0.002517
5635.50 -0.002870
5638.25 -0.002754
5641.00 -0.002791
5643.75 -0.002747
5646.50 -0.002684
5649.25 -0.002512
5652.00 -0.002991
5654.75 -0.002941
5657.50 -0.002686
5660.25 -0.003062
5663.00 -0.002853
5665.75 -0.002567
5668.50 -0.002732
5671.25 -0.002616
5674.00 -0.002814
5676.75 -0.002996
5679.50 -0.002735
5682.25 -0.002958
5685.00 -0.002723
5687.75 -0.002823
5690.50 -0.002786
5693.25 -0.003033
5696.00 -0.002838
5698.75 -0.002769
5701.50 -0.002647
5704.25 -0.002680
5707.00 -0.002710
5709.75 -0.002730
5712.50 -0.002884
5715.25 -0.003011
5718.00 -0.002992
5720.75 -0.003106
5723.50 -0.003134
5726.25 -0.002962
5729.00 -0.002925
5731.75 -0.002917
5734.50 -0.003021
5737.25 -0.002834
5740.00 -0.002834
5742.75 -0.002712
5745.50 -0.002853
5748.25 -0.003024
5751.00 -0.002807
5753.75 -0.003020
5756.50 -0.002872
5759.25 -0.003171
5762.00 -0.003052
5764.75 -0.002861
5767.50 -0.003134
5770.25 -0.002998
5773.00 -0.003143
5775.75 -0.002844
5778.50 -0.003136
5781.25 -0.002875
5784.00 -0.002938
5786.75 -0.002818
5789.50 -0.003037
5792.25 -0.002811
5795.00 -0.003151
5797.75 -0.002869
5800.50 -0.002778
5803.25 -0.002826
5806.00 -0.002976
5808.75 -0.002938
5811.50 -0.003037
5814.25 -0.002876
5817.00 -0.002889
5819.75 -0.003095
5822.50 -0.003020
5825.25 -0.002935
5828.00 -0.003173
5830.75 -0.003345
5833.50 -0.003135
5836.25 -0.002933
5839.00 -0.002968
5841.75 -0.002887
5844.50 -0.002776
5847.25 -0.002988
5850.00 -0.002612
5852.75 -0.002865
5855.50 -0.002714
5858.25 -0.002702
5861.00 -0.003035
5863.75 -0.002709
5866.50 -0.002545
5869.25 -0.002625
5872.00 -0.002350
5874.75 -0.002707
5877.50 -0.002820
5880.25 -0.002695
5883.00 -0.002505
5885.75 -0.002579
5888.50 -0.002508
5891.25 -0.002345
5894.00 -0.002374
5896.75 -0.002389
5899.50 -0.002524
5902.25 -0.002660
5905.00 -0.002727
5907.75 -0.002734
5910.50 -0.002758
5913.25 -0.002618
5916.00 -0.002819
5918.75 -0.002402
5921.50 -0.002831
5924.25 -0.002625
5927.00 -0.002635
5929.75 -0.002700
5932.50 -0.002607
5935.25 -0.002682
5938.00 -0.002833
5940.75 -0.002864
5943.50 -0.002813
5946.25 -0.002701
5949.00 -0.002677
5951.75 -0.002814
5954.50 -0.002622
5957.25 -0.002645
5960.00 -0.002861
5962.75 -0.002836
5965.50 -0.002791
5968.25 -0.002800
5971.00 -0.002823
5973.75 -0.002610
5976.50 -0.002685
5979.25 -0.002734
5982.00 -0.002907
5984.75 -0.002952
5987.50 -0.002825
5990.25 -0.002638
5993.00 -0.002793
5995.75 -0.002748
5998.50 -0.002718
6001.25 -0.002708
6004.00 -0.002821
6006.75 -0.002810
6009.50 -0.002824
6012.25 -0.002801
6015.00 -0.003067
6017.75 -0.002870
6020.50 -0.002695
6023.25 -0.002818
6026.00 -0.002861
6028.75 -0.002898
6031.50 -0.002712
6034.25 -0.002898
6037.00 -0.002661
6039.75 -0.002964
6042.50 -0.002712
6045.25 -0.002940
6048.00 -0.002918
6050.75 -0.002922
6053.50 -0.002723
6056.25 -0.003209
6059.00 -0.002844
6061.75 -0.002937
6064.50 -0.002659
6067.25 -0.002911
6070.00 -0.003078
6072.75 -0.002963
6075.50 -0.003005
6078.25 -0.002795
6081.00 -0.002835
6083.75 -0.003060
6086.50 -0.002799
6089.25 -0.002851
6092.00 -0.002865
6094.75 -0.002772
6097.50 -0.002766
6100.25 -0.002909
6103.00 -0.002927
6105.75 -0.002735
6108.50 -0.002901
6111.25 -0.002635
6114.00 -0.002865
6116.75 -0.002852
6119.50 -0.002805
6122.25 -0.002800
6125.00 -0.002826
6127.75 -0.002885
6130.50 -0.002853
6133.25 -0.003111
6136.00 -0.002832
6138.75 -0.002864
6141.50 -0.002749
6144.25 -0.002899
6147.00 -0.002966
6149.75 -0.002700
6152.50 -0.002918
6155.25 -0.002908
6158.00 -0.002831
6160.75 -0.002671
6163.50 -0.002821
6166.25 -0.002751
6169.00 -0.002811
6171.75 -0.002988
6174.50 -0.002775
6177.25 -0.002957
6180.00 -0.003150
6182.75 -0.003108
6185.50 -0.002850
6188.25 -0.002977
6191.00 -0.003030
6193.75 -0.002976
6196.50 -0.003137
6199.25 -0.002895
6202.00 -0.002800
6204.75 -0.003102
6207.50 -0.002852
6210.25 -0.003024
6213.00 -0.002933
6215.75 -0.002831
6218.50 -0.002913
6221.25 -0.003021
6224.00 -0.002884
6226.75 -0.002736
6229.50 -0.002837
6232.25 -0.002820
6235.00 -0.002885
6237.75 -0.002845
6240.50 -0.002788
6243.25 -0.002773
6246.00 -0.002783
6248.75 -0.002770
6251.50 -0.002793
6254.25 -0.002780
6257.00 -0.002734
6259.75 -0.002668
6262.50 -0.002664
6265.25 -0.002948
6268.00 -0.002743
6270.75 -0.002799
6273.50 -0.002824
6276.25 -0.003031
6279.00 -0.002930
6281.75 -0.002797
6284.50 -0.002736
6287.25 -0.002792
6290.00 -0.002970
6292.75 -0.002845
6295.50 -0.002869
6298.25 -0.003019
6301.00 -0.003087
6303.75 -0.003040
6306.50 -0.002876
6309.25 -0.002878
6312.00 -0.002796
6314.75 -0.002869
6317.50 -0.002720
6320.25 -0.002759
6323.00 -0.002818
6325.75 -0.002929
6328.50 -0.003037
6331.25 -0.002793
6334.00 -0.002738
6336.75 -0.002791
6339.50 -0.002767
6342.25 -0.002819
6345.00 -0.002866
6347.75 -0.002789
6350.50 -0.002911
6353.25 -0.002960
6356.00 -0.002803
6358.75 -0.002843
6361.50 -0.002776
6364.25 -0.002873
6367.00 -0.002902
6369.75 -0.002997
6372.50 -0.003016
6375.25 -0.003036
6378.00 -0.003052
6380.75 -0.002998
6383.50 -0.003018
6386.25 -0.003052
6389.00 -0.002989
6391.75 -0.002870
6394.50 -0.002849
6397.25 -0.002976
6400.00 -0.002973
6402.75 -0.002909
6405.50 -0.003029
6408.25 -0.002906
6411.00 -0.002925
6413.75 -0.002917
6416.50 -0.003013
6419.25 -0.003050
6422.00 -0.002850
6424.75 -0.003011
6427.50 -0.003135
6430.25 -0.003048
6433.00 -0.003219
6435.75 -0.003000
6438.50 -0.003173
6441.25 -0.003161
6444.00 -0.003190
6446.75 -0.003166
6449.50 -0.003164
6452.25 -0.003092
6455.00 -0.003125
6457.75 -0.003225
6460.50 -0.003081
6463.25 -0.003208
6466.00 -0.003272
6468.75 -0.003222
6471.50 -0.003529
6474.25 -0.003345
6477.00 -0.003390
6479.75 -0.003246
6482.50 -0.003469
6485.25 -0.003259
6488.00 -0.003399
6490.75 -0.003593
6493.50 -0.003509
6496.25 -0.003340
6499.00 -0.003373
6501.75 -0.003417
6504.50 -0.003448
6507.25 -0.003498
6510.00 -0.003466
6512.75 -0.003514
6515.50 -0.003451
6518.25 -0.003419
6521.00 -0.003493
6523.75 -0.003429
6526.50 -0.003439
6529.25 -0.003342
6532.00 -0.003231
6534.75 -0.002987
6537.50 -0.002941
6540.25 -0.002800
6543.00 -0.002624
6545.75 -0.002500
6548.50 -0.002642
6551.25 -0.002353
6554.00 -0.001804
6556.75 -0.001293
6559.50 -0.000864
6562.25 -0.001005
6565.00 -0.000736
6567.75 -0.000813
6570.50 -0.000710
6573.25 -0.000725
6576.00 -0.001053
6578.75 -0.001369
6581.50 -0.002128
6584.25 -0.002972
6587.00 -0.003095
6589.75 -0.002982
6592.50 -0.002666
6595.25 -0.002505
6598.00 -0.002720
6600.75 -0.002701
6603.50 -0.002936
6606.25 -0.002979
6609.00 -0.002964
6611.75 -0.003025
6614.50 -0.003141
6617.25 -0.003036
6620.00 -0.003311
6622.75 -0.003400
6625.50 -0.003344
6628.25 -0.003507
6631.00 -0.003472
6633.75 -0.003557
6636.50 -0.003454
6639.25 -0.003296
6642.00 -0.003367
6644.75 -0.003285
6647.50 -0.003316
6650.25 -0.003394
6653.00 -0.003306
6655.75 -0.003361
6658.50 -0.003311
6661.25 -0.003319
6664.00 -0.003321
6666.75 -0.003293
6669.50 -0.003297
6672.25 -0.003407
6675.00 -0.003331
6677.75 -0.003351
6680.50 -0.003302
6683.25 -0.003205
6686.00 -0.003278
6688.75 -0.003227
6691.50 -0.003369
6694.25 -0.003456
6697.00 -0.003352
6699.75 -0.003348
6702.50 -0.003164
6705.25 -0.003235
6708.00 -0.003334
6710.75 -0.003276
6713.50 -0.003408
6716.25 -0.003501
6719.00 -0.003631
6721.75 -0.003482
6724.50 -0.003286
6727.25 -0.003207
6730.00 -0.003479
6732.75 -0.003518
6735.50 -0.003585
6738.25 -0.003406
6741.00 -0.003334
6743.75 -0.003250
6746.50 -0.003167
6749.25 -0.003307
6752.00 -0.003334
6754.75 -0.003169
6757.50 -0.003187
6760.25 -0.003159
6763.00 -0.003194
6765.75 -0.003212
6768.50 -0.003191
6771.25 -0.003183
6774.00 -0.003137
6776.75 -0.003222
6779.50 -0.003296
6782.25 -0.003206
6785.00 -0.003143
6787.75 -0.003233
6790.50 -0.003253
6793.25 -0.003048
6796.00 -0.003172
6798.75 -0.003139
6801.50 -0.003077
6804.25 -0.003204
6807.00 -0.003156
6809.75 -0.003270
6812.50 -0.003225
6815.25 -0.003110
6818.00 -0.003326
6820.75 -0.003213
6823.50 -0.003237
6826.25 -0.003136
6829.00 -0.003318
6831.75 -0.003310
6834.50 -0.003265
6837.25 -0.003258
6840.00 -0.003279
6842.75 -0.003248
6845.50 -0.003095
6848.25 -0.003246
6851.00 -0.003248
6853.75 -0.003159
6856.50 -0.003193
6859.25 -0.003163
6862.00 -0.003258
6864.75 -0.003074
6867.50 -0.003139
6870.25 -0.003364
6873.00 -0.003297
6875.75 -0.003202
6878.50 -0.003308
6881.25 -0.003364
6884.00 -0.003249
6886.75 -0.003282
6889.50 -0.003220
6892.25 -0.003151
6895.00 -0.003275
6897.75 -0.003153
6900.50 -0.003372
6903.25 -0.003285
6906.00 -0.003276
6908.75 -0.003248
6911.50 -0.003331
6914.25 -0.003253
6917.00 -0.003251
6919.75 -0.003233
6922.50 -0.003260
6925.25 -0.003289
6928.00 -0.003251
6930.75 -0.003255
6933.50 -0.003256
6936.25 -0.003287
6939.00 -0.003323
6941.75 -0.003286
6944.50 -0.003404
6947.25 -0.003303
6950.00 -0.003231
6952.75 -0.003275
6955.50 -0.003266
6958.25 -0.003248
6961.00 -0.003324
6963.75 -0.003376
6966.50 -0.003316
6969.25 -0.003304
6972.00 -0.003347
6974.75 -0.003390
6977.50 -0.003294
6980.25 -0.003262
6983.00 -0.003338
6985.75 -0.003426
6988.50 -0.003468
6991.25 -0.003356
6994.00 -0.003467
6996.75 -0.003402
6999.50 -0.003427
7002.25 -0.003379
7005.00 -0.003594
7007.75 -0.003437
7010.50 -0.003275
7013.25 -0.003244
7016.00 -0.003325
7018.75 -0.003350
7021.50 -0.003391
7024.25 -0.003399
7027.00 -0.003493
7029.75 -0.003470
7032.50 -0.003468
7035.25 -0.003447
7038.00 -0.003666
7040.75 -0.003583
7043.50 -0.003713
7046.25 -0.003765
7049.00 -0.003734
7051.75 -0.003627
7054.50 -0.003568
7057.25 -0.003527
7060.00 -0.003711
7062.75 -0.003572
7065.50 -0.003639
7068.25 -0.003738
7071.00 -0.003566
7073.75 -0.003628
7076.50 -0.003659
7079.25 -0.003643
7082.00 -0.003542
7084.75 -0.003483
7087.50 -0.003476
7090.25 -0.003355
7093.00 -0.003501
7095.75 -0.003462
7098.50 -0.003576
7101.25 -0.003412
7104.00 -0.003550
7106.75 -0.003580
7109.50 -0.003595
7112.25 -0.003530
7115.00 -0.003468
7117.75 -0.003578
7120.50 -0.003488
7123.25 -0.003513
7126.00 -0.003453
7128.75 -0.003538
7131.50 -0.003596
7134.25 -0.003578
7137.00 -0.003648
7139.75 -0.003611
7142.50 -0.003573
7145.25 -0.003613
7148.00 -0.003653
7150.75 -0.003512
7153.50 -0.003692
7156.25 -0.003743
7159.00 -0.003759
7161.75 -0.003645
7164.50 -0.003734
7167.25 -0.003760
7170.00 -0.003708
7172.75 -0.003761
7175.50 -0.003875
7178.25 -0.003722
7181.00 -0.003848
7183.75 -0.003723
7186.50 -0.003773
7189.25 -0.003796
7192.00 -0.003861
7194.75 -0.003866
7197.50 -0.003869
7200.25 -0.003867
7203.00 -0.003629
7205.75 -0.003895
7208.50 -0.003680
7211.25 -0.003896
7214.00 -0.003798
7216.75 -0.003811
7219.50 -0.003837
7222.25 -0.003817
7225.00 -0.003908
7227.75 -0.003946
7230.50 -0.003800
7233.25 -0.003695
7236.00 -0.003835
7238.75 -0.003743
7241.50 -0.003767
7244.25 -0.003848
7247.00 -0.003788
7249.75 -0.003883
7252.50 -0.003869
7255.25 -0.003779
7258.00 -0.003840
7260.75 -0.003883
7263.50 -0.003964
7266.25 -0.003863
7269.00 -0.003877
7271.75 -0.003791
7274.50 -0.003790
7277.25 -0.003710
7280.00 -0.003736
7282.75 -0.003760
7285.50 -0.003742
7288.25 -0.003758
7291.00 -0.003828
7293.75 -0.003868
7296.50 -0.003858
7299.25 -0.003857
7302.00 -0.003850
7304.75 -0.003810
7307.50 -0.003873
7310.25 -0.003845
7313.00 -0.003956
7315.75 -0.003972
7318.50 -0.003976
7321.25 -0.003978
7324.00 -0.004014
7326.75 -0.003891
7329.50 -0.003902
7332.25 -0.003951
7335.00 -0.003936
7337.75 -0.003967
7340.50 -0.004024
7343.25 -0.003929
7346.00 -0.003984
7348.75 -0.003907
7351.50 -0.003979
7354.25 -0.003896
7357.00 -0.003894
7359.75 -0.003831
7362.50 -0.003918
7365.25 -0.003900
7368.00 -0.003860
7370.75 -0.003932
7373.50 -0.003917
7376.25 -0.004054
7379.00 -0.003814
7381.75 -0.003972
7384.50 -0.004047
7387.25 -0.003805
7390.00 -0.003980
7392.75 -0.003915
7395.50 -0.003884
7398.25 -0.003933
7401.00 -0.003953
7403.75 -0.003881
7406.50 -0.003998
7409.25 -0.004009
7412.00 -0.003964
7414.75 -0.003914
7417.50 -0.003847
7420.25 -0.003830
7423.00 -0.003763
7425.75 -0.003882
7428.50 -0.003766
7431.25 -0.003838
7434.00 -0.003872
7436.75 -0.003873
7439.50 -0.003916
7442.25 -0.003903
7445.00 -0.004025
7447.75 -0.003890
7450.50 -0.003988
7453.25 -0.003963
7456.00 -0.004023
7458.75 -0.004024
7461.50 -0.003925
7464.25 -0.003883
7467.00 -0.003845
7469.75 -0.003969
7472.50 -0.003965
7475.25 -0.004018
7478.00 -0.003981
7480.75 -0.003876
7483.50 -0.003960
7486.25 -0.003954
7489.00 -0.003944
7491.75 -0.003887
7494.50 -0.003836
7497.25 -0.003999
7500.00 -0.003872
7502.75 -0.003817
7505.50 -0.003888
7508.25 -0.003920
7511.00 -0.003868
7513.75 -0.003676
7516.50 -0.003805
7519.25 -0.003984
7522.00 -0.003966
7524.75 -0.003822
7527.50 -0.003755
7530.25 -0.003810
7533.00 -0.003829
7535.75 -0.003792
7538.50 -0.003674
7541.25 -0.003798
7544.00 -0.003835
7546.75 -0.003836
7549.50 -0.003712
7552.25 -0.003935
7555.00 -0.003719
7557.75 -0.003727
7560.50 -0.003663
7563.25 -0.003773
7566.00 -0.003735
7568.75 -0.003763
7571.50 -0.003755
7574.25 -0.003727
7577.00 -0.003804
7579.75 -0.003838
7582.50 -0.003798
7585.25 -0.003812
7588.00 -0.003783
7590.75 -0.003692
7593.50 -0.003672
7596.25 -0.003704
7599.00 -0.003701
7601.75 -0.003699
7604.50 -0.003551
7607.25 -0.003756
7610.00 -0.003903
7612.75 -0.003739
7615.50 -0.003511
7618.25 -0.003557
7621.00 -0.003714
7623.75 -0.003896
7626.50 -0.003628
7629.25 -0.003640
7632.00 -0.003599
7634.75 -0.003716
7637.50 -0.003714
7640.25 -0.003700
7643.00 -0.003584
7645.75 -0.003778
7648.50 -0.003655
7651.25 -0.003758
7654.00 -0.003713
7656.75 -0.003640
7659.50 -0.003729
7662.25 -0.003683
7665.00 -0.003643
7667.75 -0.003421
7670.50 -0.003604
7673.25 -0.003684
7676.00 -0.003723
7678.75 -0.003650
7681.50 -0.003694
7684.25 -0.003776
7687.00 -0.003809
7689.75 -0.003605
7692.50 -0.003746
7695.25 -0.003901
7698.00 -0.003814
7700.75 -0.003652
7703.50 -0.003781
7706.25 -0.003768
7709.00 -0.003880
7711.75 -0.003836
7714.50 -0.003738
7717.25 -0.003826
7720.00 -0.003757
7722.75 -0.004021
7725.50 -0.003725
7728.25 -0.003643
7731.00 -0.003681
7733.75 -0.003734
7736.50 -0.003721
7739.25 -0.003620
7742.00 -0.003659
7744.75 -0.003624
7747.50 -0.003612
7750.25 -0.003580
7753.00 -0.003597
7755.75 -0.003673
7758.50 -0.003595
7761.25 -0.003643
7764.00 -0.003598
7766.75 -0.003989
7769.50 -0.003837
7772.25 -0.003766
7775.00 -0.003847
7777.75 -0.003887
7780.50 -0.003949
7783.25 -0.003806
7786.00 -0.003926
7788.75 -0.003981
7791.50 -0.004027
7794.25 -0.004089
7797.00 -0.003979
7799.75 -0.004052
7802.50 -0.004105
7805.25 -0.004270
7808.00 -0.004581
7810.75 -0.004347
7813.50 -0.004630
7816.25 -0.004406
7819.00 -0.004675
7821.75 -0.004338
7824.50 -0.004620
7827.25 -0.004615
7830.00 -0.004365
7832.75 -0.004567
7835.50 -0.004426
7838.25 -0.004515
7841.00 -0.004307
7843.75 -0.004395
7846.50 -0.004400
7849.25 -0.004372
7852.00 -0.004437
7854.75 -0.004304
7857.50 -0.004469
7860.25 -0.004353
7863.00 -0.004570
7865.75 -0.004737
7868.50 -0.004692
7871.25 -0.004667
7874.00 -0.004533
7876.75 -0.004310
7879.50 -0.004289
7882.25 -0.004233
7885.00 -0.004592
7887.75 -0.004205
7890.50 -0.004130
7893.25 -0.004408
7896.00 -0.004168
7898.75 -0.004021
7901.50 -0.004197
7904.25 -0.004096
7907.00 -0.004270
7909.75 -0.004415
7912.50 -0.004277
7915.25 -0.004085
7918.00 -0.004572
7920.75 -0.004228
7923.50 -0.004003
7926.25 -0.004161
7929.00 -0.004101
7931.75 -0.003864
7934.50 -0.004005
7937.25 -0.004186
7940.00 -0.003873
7942.75 -0.004140
7945.50 -0.004030
7948.25 -0.004199
7951.00 -0.004037
7953.75 -0.003935
7956.50 -0.004038
7959.25 -0.003938
7962.00 -0.003981
7964.75 -0.004017
7967.50 -0.004007
7970.25 -0.004000
7973.00 -0.003799
7975.75 -0.003993
7978.50 -0.003887
7981.25 -0.003884
7984.00 -0.004133
7986.75 -0.004210
7989.50 -0.003810
7992.25 -0.003879
7995.00 -0.003761
7997.75 -0.004099
