900.00 -0.032907
902.75 -0.034370
905.50 -0.033720
908.25 -0.035348
911.00 -0.036349
913.75 -0.039031
916.50 -0.038835
919.25 -0.038978
922.00 -0.038563
924.75 -0.041926
927.50 -0.039189
930.25 -0.042442
933.00 -0.042893
935.75 -0.040793
938.50 -0.044732
941.25 -0.045326
944.00 -0.046582
946.75 -0.045866
949.50 -0.042083
952.25 -0.043958
955.00 -0.042188
957.75 -0.042812
960.50 -0.043308
963.25 -0.043515
966.00 -0.044290
968.75 -0.045177
971.50 -0.047651
974.25 -0.049610
977.00 -0.050683
979.75 -0.048784
982.50 -0.049057
985.25 -0.047078
988.00 -0.049017
990.75 -0.048416
993.50 -0.045487
996.25 -0.044453
999.00 -0.045732
1001.75 -0.042783
1004.50 -0.044469
1007.25 -0.044393
1010.00 -0.045677
1012.75 -0.047224
1015.50 -0.047782
1018.25 -0.051054
1021.00 -0.056764
1023.75 -0.058951
1026.50 -0.064802
1029.25 -0.067698
1032.00 -0.064664
1034.75 -0.063527
1037.50 -0.058320
1040.25 -0.052204
1043.00 -0.047954
1045.75 -0.046344
1048.50 -0.045918
1051.25 -0.044509
1054.00 -0.043572
1056.75 -0.042794
1059.50 -0.043857
1062.25 -0.044203
1065.00 -0.043207
1067.75 -0.042896
1070.50 -0.043573
1073.25 -0.042873
1076.00 -0.040830
1078.75 -0.041370
1081.50 -0.040994
1084.25 -0.040083
1087.00 -0.038067
1089.75 -0.038342
1092.50 -0.037230
1095.25 -0.037863
1098.00 -0.037206
1100.75 -0.037327
1103.50 -0.037184
1106.25 -0.037172
1109.00 -0.037571
1111.75 -0.039483
1114.50 -0.038513
1117.25 -0.038872
1120.00 -0.038138
1122.75 -0.039071
1125.50 -0.038635
1128.25 -0.039822
1131.00 -0.037739
1133.75 -0.036742
1136.50 -0.037077
1139.25 -0.036085
1142.00 -0.036248
1144.75 -0.036471
1147.50 -0.035675
1150.25 -0.035742
1153.00 -0.035733
1155.75 -0.036325
1158.50 -0.036773
1161.25 -0.037800
1164.00 -0.037861
1166.75 -0.038703
1169.50 -0.039289
1172.25 -0.040545
1175.00 -0.042281
1177.75 -0.042242
1180.50 -0.043793
1183.25 -0.046045
1186.00 -0.047493
1188.75 -0.048685
1191.50 -0.049442
1194.25 -0.051363
1197.00 -0.058581
1199.75 -0.066348
1202.50 -0.069636
1205.25 -0.075298
1208.00 -0.093901
1210.75 -0.103732
1213.50 -0.111058
1216.25 -0.123738
1219.00 -0.104221
1221.75 -0.085717
1224.50 -0.074798
1227.25 -0.066419
1230.00 -0.061256
1232.75 -0.054736
1235.50 -0.048462
1238.25 -0.044709
1241.00 -0.040934
1243.75 -0.035186
1246.50 -0.030042
1249.25 -0.028022
1252.00 -0.025974
1254.75 -0.025502
1257.50 -0.024274
1260.25 -0.023383
1263.00 -0.022738
1265.75 -0.022264
1268.50 -0.021727
1271.25 -0.020904
1274.00 -0.020097
1276.75 -0.019560
1279.50 -0.019238
1282.25 -0.019265
1285.00 -0.019233
1287.75 -0.019806
1290.50 -0.019216
1293.25 -0.019533
1296.00 -0.019968
1298.75 -0.020517
1301.50 -0.020765
1304.25 -0.021284
1307.00 -0.021314
1309.75 -0.020045
1312.50 -0.019686
1315.25 -0.018719
1318.00 -0.018279
1320.75 -0.018070
1323.50 -0.018140
1326.25 -0.017483
1329.00 -0.017366
1331.75 -0.017500
1334.50 -0.017996
1337.25 -0.017910
1340.00 -0.017606
1342.75 -0.017156
1345.50 -0.017100
1348.25 -0.016816
1351.00 -0.016848
1353.75 -0.016972
1356.50 -0.017286
1359.25 -0.017225
1362.00 -0.017013
1364.75 -0.017344
1367.50 -0.016929
1370.25 -0.016702
1373.00 -0.016973
1375.75 -0.017427
1378.50 -0.017871
1381.25 -0.018293
1384.00 -0.018124
1386.75 -0.018306
1389.50 -0.018353
1392.25 -0.017976
1395.00 -0.017460
1397.75 -0.016776
1400.50 -0.015799
1403.25 -0.015369
1406.00 -0.014380
1408.75 -0.013405
1411.50 -0.013270
1414.25 -0.012254
1417.00 -0.011572
1419.75 -0.011340
1422.50 -0.011286
1425.25 -0.011056
1428.00 -0.010790
1430.75 -0.011035
1433.50 -0.010189
1436.25 -0.010415
1439.00 -0.010109
1441.75 -0.010294
1444.50 -0.010395
1447.25 -0.010294
1450.00 -0.010309
1452.75 -0.010191
1455.50 -0.010478
1458.25 -0.010200
1461.00 -0.010228
1463.75 -0.010212
1466.50 -0.010377
1469.25 -0.009799
1472.00 -0.009827
1474.75 -0.009957
1477.50 -0.010098
1480.25 -0.010197
1483.00 -0.010397
1485.75 -0.010826
1488.50 -0.010567
1491.25 -0.010433
1494.00 -0.010594
1496.75 -0.010856
1499.50 -0.011240
1502.25 -0.011428
1505.00 -0.011634
1507.75 -0.011504
1510.50 -0.011609
1513.25 -0.011332
1516.00 -0.011586
1518.75 -0.011917
1521.50 -0.011861
1524.25 -0.011819
1527.00 -0.012606
1529.75 -0.014179
1532.50 -0.016123
1535.25 -0.018032
1538.00 -0.018572
1540.75 -0.017922
1543.50 -0.018570
1546.25 -0.019750
1549.00 -0.021074
1551.75 -0.018906
1554.50 -0.013184
1557.25 -0.009499
1560.00 -0.007935
1562.75 -0.006493
1565.50 -0.005797
1568.25 -0.004894
1571.00 -0.004137
1573.75 -0.003672
1576.50 -0.003584
1579.25 -0.003303
1582.00 -0.003021
1584.75 -0.002904
1587.50 -0.002507
1590.25 -0.002341
1593.00 -0.002255
1595.75 -0.002240
1598.50 -0.002096
1601.25 -0.002066
1604.00 -0.001934
1606.75 -0.001947
1609.50 -0.001717
1612.25 -0.001834
1615.00 -0.001835
1617.75 -0.001790
1620.50 -0.001648
1623.25 -0.001566
1626.00 -0.001700
1628.75 -0.001665
1631.50 -0.001467
1634.25 -0.001445
1637.00 -0.001530
1639.75 -0.001663
1642.50 -0.001333
1645.25 -0.001299
1648.00 -0.001147
1650.75 -0.001001
1653.50 -0.000988
1656.25 -0.000943
1659.00 -0.000980
1661.75 -0.000987
1664.50 -0.000876
1667.25 -0.000767
1670.00 -0.000601
1672.75 -0.000343
1675.50 -0.000244
1678.25 -0.000091
1681.00 0.000050
1683.75 0.000199
1686.50 0.000190
1689.25 0.000190
1692.00 0.000374
1694.75 0.000530
1697.50 0.000620
1700.25 0.000704
1703.00 0.000795
1705.75 0.000925
1708.50 0.001000
1711.25 0.000930
1714.00 0.000907
1716.75 0.000978
1719.50 0.001039
1722.25 0.001192
1725.00 0.001078
1727.75 0.001327
1730.50 0.001302
1733.25 0.001372
1736.00 0.001390
1738.75 0.001528
1741.50 0.001574
1744.25 0.001537
1747.00 0.001616
1749.75 0.001628
1752.50 0.001562
1755.25 0.001525
1758.00 0.001744
1760.75 0.001450
1763.50 0.001731
1766.25 0.001762
1769.00 0.001698
1771.75 0.001938
1774.50 0.001871
1777.25 0.002003
1780.00 0.001796
1782.75 0.001979
1785.50 0.001969
1788.25 0.001863
1791.00 0.002001
1793.75 0.002038
1796.50 0.002109
1799.25 0.002111
1802.00 0.002030
1804.75 0.002233
1807.50 0.002217
1810.25 0.002280
1813.00 0.002391
1815.75 0.002300
1818.50 0.002396
1821.25 0.002421
1824.00 0.002496
1826.75 0.002528
1829.50 0.002506
1832.25 0.002445
1835.00 0.002563
1837.75 0.002654
1840.50 0.002720
1843.25 0.002955
1846.00 0.002894
1848.75 0.003154
1851.50 0.003248
1854.25 0.003302
1857.00 0.003489
1859.75 0.003580
1862.50 0.003528
1865.25 0.003597
1868.00 0.003651
1870.75 0.003729
1873.50 0.003849
1876.25 0.004031
1879.00 0.004187
1881.75 0.004405
1884.50 0.004541
1887.25 0.004693
1890.00 0.004833
1892.75 0.004950
1895.50 0.004949
1898.25 0.004863
1901.00 0.004882
1903.75 0.004526
1906.50 0.004158
1909.25 0.004185
1912.00 0.004044
1914.75 0.004092
1917.50 0.004151
1920.25 0.004076
1923.00 0.004044
1925.75 0.004049
1928.50 0.003989
1931.25 0.003926
1934.00 0.004099
1936.75 0.003906
1939.50 0.003993
1942.25 0.003856
1945.00 0.003924
1947.75 0.004091
1950.50 0.003951
1953.25 0.003931
1956.00 0.003914
1958.75 0.003959
1961.50 0.003803
1964.25 0.003888
1967.00 0.003756
1969.75 0.003801
1972.50 0.003946
1975.25 0.003800
1978.00 0.003998
1980.75 0.004046
1983.50 0.004071
1986.25 0.004079
1989.00 0.004042
1991.75 0.004180
1994.50 0.003982
1997.25 0.004061
2000.00 0.004021
2002.75 0.004030
2005.50 0.004003
2008.25 0.004061
2011.00 0.004104
2013.75 0.003989
2016.50 0.004060
2019.25 0.004155
2022.00 0.004177
2024.75 0.004208
2027.50 0.004096
2030.25 0.004106
2033.00 0.004238
2035.75 0.004254
2038.50 0.004320
2041.25 0.004312
2044.00 0.004395
2046.75 0.004288
2049.50 0.004311
2052.25 0.004391
2055.00 0.004406
2057.75 0.004375
2060.50 0.004434
2063.25 0.004468
2066.00 0.004508
2068.75 0.004583
2071.50 0.004471
2074.25 0.004576
2077.00 0.004357
2079.75 0.004516
2082.50 0.004518
2085.25 0.004443
2088.00 0.004433
2090.75 0.004378
2093.50 0.004439
2096.25 0.004440
2099.00 0.004347
2101.75 0.004405
2104.50 0.004353
2107.25 0.004275
2110.00 0.004401
2112.75 0.004193
2115.50 0.004260
2118.25 0.004269
2121.00 0.004131
2123.75 0.004268
2126.50 0.004102
2129.25 0.004153
2132.00 0.004273
2134.75 0.004277
2137.50 0.004340
2140.25 0.004276
2143.00 0.004136
2145.75 0.004108
2148.50 0.004052
2151.25 0.004227
2154.00 0.004060
2156.75 0.004009
2159.50 0.004076
2162.25 0.004188
2165.00 0.004118
2167.75 0.004212
2170.50 0.004232
2173.25 0.004214
2176.00 0.004116
2178.75 0.004012
2181.50 0.004134
2184.25 0.004087
2187.00 0.004012
2189.75 0.003988
2192.50 0.003556
2195.25 0.004104
2198.00 0.004140
2200.75 0.003922
2203.50 0.003976
2206.25 0.004268
2209.00 0.004126
2211.75 0.004230
2214.50 0.004274
2217.25 0.004264
2220.00 0.004243
2222.75 0.004209
2225.50 0.004155
2228.25 0.004168
2231.00 0.004201
2233.75 0.004139
2236.50 0.003994
2239.25 0.004107
2242.00 0.004144
2244.75 0.004101
2247.50 0.004163
2250.25 0.004359
2253.00 0.004303
2255.75 0.004367
2258.50 0.004279
2261.25 0.004253
2264.00 0.004225
2266.75 0.004333
2269.50 0.004284
2272.25 0.004268
2275.00 0.004277
2277.75 0.004432
2280.50 0.004308
2283.25 0.004333
2286.00 0.004342
2288.75 0.004451
2291.50 0.004538
2294.25 0.004482
2297.00 0.004608
2299.75 0.004554
2302.50 0.004474
2305.25 0.004540
2308.00 0.004501
2310.75 0.004528
2313.50 0.004520
2316.25 0.004614
2319.00 0.004709
2321.75 0.004635
2324.50 0.004821
2327.25 0.004805
2330.00 0.004911
2332.75 0.004764
2335.50 0.004813
2338.25 0.004644
2341.00 0.004688
2343.75 0.004618
2346.50 0.004559
2349.25 0.004470
2352.00 0.004532
2354.75 0.004555
2357.50 0.004674
2360.25 0.004597
2363.00 0.004540
2365.75 0.004472
2368.50 0.004361
2371.25 0.004505
2374.00 0.004666
2376.75 0.004553
2379.50 0.004560
2382.25 0.004562
2385.00 0.004694
2387.75 0.004572
2390.50 0.004535
2393.25 0.004501
2396.00 0.004735
2398.75 0.004590
2401.50 0.004534
2404.25 0.004564
2407.00 0.004625
2409.75 0.004732
2412.50 0.004725
2415.25 0.004737
2418.00 0.004732
2420.75 0.004777
2423.50 0.004953
2426.25 0.004948
2429.00 0.004851
2431.75 0.004784
2434.50 0.004946
2437.25 0.004902
2440.00 0.004842
2442.75 0.004801
2445.50 0.004767
2448.25 0.004882
2451.00 0.004709
2453.75 0.004705
2456.50 0.004587
2459.25 0.004742
2462.00 0.004777
2464.75 0.004832
2467.50 0.004750
2470.25 0.004793
2473.00 0.004824
2475.75 0.004898
2478.50 0.004848
2481.25 0.004758
2484.00 0.004877
2486.75 0.004717
2489.50 0.004810
2492.25 0.004917
2495.00 0.004927
2497.75 0.004953
2500.50 0.004926
2503.25 0.004753
2506.00 0.004810
2508.75 0.004786
2511.50 0.004745
2514.25 0.004771
2517.00 0.004791
2519.75 0.004753
2522.50 0.004960
2525.25 0.004759
2528.00 0.004764
2530.75 0.004790
2533.50 0.004905
2536.25 0.004768
2539.00 0.004878
2541.75 0.004823
2544.50 0.004737
2547.25 0.004769
2550.00 0.004868
2552.75 0.004791
2555.50 0.004721
2558.25 0.004656
2561.00 0.004467
2563.75 0.004650
2566.50 0.004662
2569.25 0.004544
2572.00 0.004518
2574.75 0.004610
2577.50 0.004801
2580.25 0.004606
2583.00 0.004800
2585.75 0.004628
2588.50 0.004750
2591.25 0.004573
2594.00 0.004799
2596.75 0.004653
2599.50 0.004592
2602.25 0.004679
2605.00 0.004544
2607.75 0.004692
2610.50 0.004564
2613.25 0.004559
2616.00 0.004667
2618.75 0.004610
2621.50 0.004694
2624.25 0.004646
2627.00 0.004779
2629.75 0.004691
2632.50 0.004605
2635.25 0.004505
2638.00 0.004456
2640.75 0.004512
2643.50 0.004474
2646.25 0.004308
2649.00 0.004297
2651.75 0.004261
2654.50 0.004291
2657.25 0.004390
2660.00 0.004290
2662.75 0.004407
2665.50 0.004360
2668.25 0.004368
2671.00 0.004490
2673.75 0.004624
2676.50 0.004542
2679.25 0.004481
2682.00 0.004493
2684.75 0.004453
2687.50 0.004352
2690.25 0.004508
2693.00 0.004493
2695.75 0.004492
2698.50 0.004652
2701.25 0.004590
2704.00 0.004643
2706.75 0.004717
2709.50 0.004583
2712.25 0.004500
2715.00 0.004541
2717.75 0.004640
2720.50 0.004835
2723.25 0.004723
2726.00 0.004675
2728.75 0.004670
2731.50 0.004821
2734.25 0.004930
2737.00 0.004944
2739.75 0.004995
2742.50 0.004959
2745.25 0.004976
2748.00 0.005146
2750.75 0.005079
2753.50 0.005127
2756.25 0.004972
2759.00 0.005104
2761.75 0.004996
2764.50 0.005054
2767.25 0.005484
2770.00 0.005188
2772.75 0.005400
2775.50 0.005285
2778.25 0.005448
2781.00 0.005609
2783.75 0.006376
2786.50 0.006501
2789.25 0.007053
2792.00 0.007026
2794.75 0.006985
2797.50 0.007327
2800.25 0.007109
2803.00 0.006883
2805.75 0.006828
2808.50 0.006594
2811.25 0.006140
2814.00 0.006191
2816.75 0.005942
2819.50 0.005828
2822.25 0.005742
2825.00 0.005515
2827.75 0.005276
2830.50 0.005334
2833.25 0.005626
2836.00 0.005387
2838.75 0.005442
2841.50 0.005342
2844.25 0.005261
2847.00 0.005054
2849.75 0.004791
2852.50 0.004998
2855.25 0.004955
2858.00 0.004685
2860.75 0.005000
2863.50 0.004981
2866.25 0.004979
2869.00 0.005130
2871.75 0.005058
2874.50 0.004980
2877.25 0.005070
2880.00 0.004955
2882.75 0.004315
2885.50 0.005026
2888.25 0.004850
2891.00 0.004763
2893.75 0.005054
2896.50 0.005077
2899.25 0.004511
2902.00 0.004743
2904.75 0.004823
2907.50 0.005637
2910.25 0.005141
2913.00 0.004743
2915.75 0.005079
2918.50 0.005340
2921.25 0.004607
2924.00 0.004827
2926.75 0.005023
2929.50 0.004599
2932.25 0.004889
2935.00 0.004854
2937.75 0.005273
2940.50 0.004892
2943.25 0.005381
2946.00 0.004999
2948.75 0.005245
2951.50 0.004850
2954.25 0.004468
2957.00 0.004642
2959.75 0.004902
2962.50 0.004506
2965.25 0.004754
2968.00 0.004831
2970.75 0.004742
2973.50 0.005059
2976.25 0.005066
2979.00 0.005249
2981.75 0.005254
2984.50 0.005025
2987.25 0.004695
2990.00 0.004925
2992.75 0.004981
2995.50 0.004810
2998.25 0.005128
3001.00 0.004975
3003.75 0.004973
3006.50 0.004997
3009.25 0.005302
3012.00 0.004868
3014.75 0.004975
3017.50 0.004660
3020.25 0.004720
3023.00 0.005182
3025.75 0.004882
3028.50 0.004910
3031.25 0.004861
3034.00 0.005127
3036.75 0.004956
3039.50 0.004783
3042.25 0.004834
3045.00 0.004787
3047.75 0.004959
3050.50 0.005037
3053.25 0.004789
3056.00 0.005032
3058.75 0.005313
3061.50 0.004612
3064.25 0.004323
3067.00 0.004798
3069.75 0.004872
3072.50 0.004868
3075.25 0.005039
3078.00 0.004767
3080.75 0.004769
3083.50 0.005160
3086.25 0.004880
3089.00 0.005139
3091.75 0.005344
3094.50 0.004661
3097.25 0.005291
3100.00 0.005259
3102.75 0.005122
3105.50 0.005459
3108.25 0.004706
3111.00 0.005096
3113.75 0.005312
3116.50 0.005472
3119.25 0.005111
3122.00 0.005222
3124.75 0.005348
3127.50 0.005126
3130.25 0.005094
3133.00 0.005606
3135.75 0.005319
3138.50 0.005332
3141.25 0.005245
3144.00 0.005376
3146.75 0.005408
3149.50 0.005768
3152.25 0.005904
3155.00 0.005664
3157.75 0.005099
3160.50 0.004921
3163.25 0.005298
3166.00 0.005456
3168.75 0.005219
3171.50 0.005860
3174.25 0.005479
3177.00 0.005333
3179.75 0.004904
3182.50 0.005309
3185.25 0.005301
3188.00 0.005168
3190.75 0.005007
3193.50 0.005240
3196.25 0.005142
3199.00 0.005716
3201.75 0.005868
3204.50 0.005821
3207.25 0.005770
3210.00 0.005626
3212.75 0.005546
3215.50 0.005736
3218.25 0.005873
3221.00 0.005574
3223.75 0.005631
3226.50 0.006059
3229.25 0.005618
3232.00 0.005413
3234.75 0.005868
3237.50 0.005430
3240.25 0.005803
3243.00 0.005798
3245.75 0.005683
3248.50 0.005243
3251.25 0.005244
3254.00 0.005443
3256.75 0.004955
3259.50 0.005965
3262.25 0.005810
3265.00 0.005970
3267.75 0.005913
3270.50 0.005794
3273.25 0.005895
3276.00 0.005377
3278.75 0.005725
3281.50 0.005497
3284.25 0.005815
3287.00 0.005988
3289.75 0.005587
3292.50 0.006039
3295.25 0.005838
3298.00 0.005885
3300.75 0.006169
3303.50 0.006112
3306.25 0.006103
3309.00 0.006097
3311.75 0.005646
3314.50 0.006263
3317.25 0.005762
3320.00 0.005721
3322.75 0.006031
3325.50 0.005874
3328.25 0.005757
3331.00 0.005732
3333.75 0.005675
3336.50 0.005971
3339.25 0.005229
3342.00 0.005804
3344.75 0.005738
3347.50 0.005674
3350.25 0.005491
3353.00 0.005956
3355.75 0.005432
3358.50 0.005486
3361.25 0.005340
3364.00 0.005717
3366.75 0.005684
3369.50 0.005859
3372.25 0.005521
3375.00 0.005514
3377.75 0.005695
3380.50 0.005809
3383.25 0.005762
3386.00 0.005757
3388.75 0.006202
3391.50 0.006579
3394.25 0.006216
3397.00 0.006269
3399.75 0.006438
3402.50 0.006130
3405.25 0.006424
3408.00 0.005960
3410.75 0.006269
3413.50 0.006303
3416.25 0.006504
3419.00 0.006992
3421.75 0.006593
3424.50 0.007207
3427.25 0.007241
3430.00 0.007174
3432.75 0.006702
3435.50 0.006275
3438.25 0.005999
3441.00 0.005471
3443.75 0.005741
3446.50 0.005872
3449.25 0.005979
3452.00 0.006335
3454.75 0.006555
3457.50 0.006313
3460.25 0.006058
3463.00 0.006452
3465.75 0.006370
3468.50 0.007214
3471.25 0.007028
3474.00 0.006659
3476.75 0.006091
3479.50 0.006696
3482.25 0.006657
3485.00 0.006333
3487.75 0.006858
3490.50 0.006523
3493.25 0.006519
3496.00 0.006521
3498.75 0.006528
3501.50 0.006377
3504.25 0.006967
3507.00 0.006743
3509.75 0.006276
3512.50 0.006643
3515.25 0.006703
3518.00 0.007245
3520.75 0.006804
3523.50 0.006522
3526.25 0.006628
3529.00 0.006778
3531.75 0.006923
3534.50 0.007018
3537.25 0.007060
3540.00 0.007025
3542.75 0.007228
3545.50 0.007138
3548.25 0.006817
3551.00 0.006910
3553.75 0.006844
3556.50 0.007098
3559.25 0.006732
3562.00 0.006635
3564.75 0.006861
3567.50 0.006551
3570.25 0.006773
3573.00 0.006506
3575.75 0.006845
3578.50 0.006653
3581.25 0.006743
3584.00 0.006823
3586.75 0.006861
3589.50 0.006903
3592.25 0.007168
3595.00 0.006973
3597.75 0.007314
3600.50 0.007649
3603.25 0.007526
3606.00 0.007245
3608.75 0.007255
3611.50 0.007245
3614.25 0.007260
3617.00 0.007326
3619.75 0.006948
3622.50 0.006930
3625.25 0.007622
3628.00 0.007711
3630.75 0.007674
3633.50 0.007644
3636.25 0.007374
3639.00 0.007523
3641.75 0.007746
3644.50 0.007506
3647.25 0.007363
3650.00 0.007560
3652.75 0.008081
3655.50 0.008009
3658.25 0.007982
3661.00 0.007746
3663.75 0.007878
3666.50 0.007941
3669.25 0.008120
3672.00 0.007558
3674.75 0.007860
3677.50 0.007802
3680.25 0.007957
3683.00 0.008028
3685.75 0.008191
3688.50 0.007448
3691.25 0.007993
3694.00 0.007930
3696.75 0.008462
3699.50 0.008121
3702.25 0.008167
3705.00 0.008073
3707.75 0.007839
3710.50 0.008098
3713.25 0.008142
3716.00 0.008323
3718.75 0.008253
3721.50 0.008454
3724.25 0.009142
3727.00 0.011549
3729.75 0.012330
3732.50 0.010626
3735.25 0.008868
3738.00 0.008179
3740.75 0.008833
3743.50 0.008604
3746.25 0.008038
3749.00 0.007944
3751.75 0.007854
3754.50 0.008329
3757.25 0.008875
3760.00 0.008632
3762.75 0.008874
3765.50 0.008763
3768.25 0.008499
3771.00 0.008282
3773.75 0.008469
3776.50 0.008935
3779.25 0.009335
3782.00 0.009774
3784.75 0.009469
3787.50 0.009133
3790.25 0.009380
3793.00 0.009095
3795.75 0.008885
3798.50 0.008515
3801.25 0.008537
3804.00 0.009320
3806.75 0.009583
3809.50 0.010003
3812.25 0.009558
3815.00 0.009404
3817.75 0.010734
3820.50 0.008692
3823.25 0.011211
3826.00 0.009937
3828.75 0.008656
3831.50 0.009620
3834.25 0.006646
3837.00 0.007582
3839.75 0.007304
3842.50 0.009101
3845.25 0.009535
3848.00 0.012117
3850.75 0.009497
3853.50 0.010435
3856.25 0.010960
3859.00 0.009943
3861.75 0.009723
3864.50 0.009042
3867.25 0.011942
3870.00 0.011789
3872.75 0.008858
3875.50 0.012635
3878.25 0.012026
3881.00 0.010511
3883.75 0.009446
3886.50 0.009392
3889.25 0.009162
3892.00 0.009935
3894.75 0.008117
3897.50 0.010646
3900.25 0.011109
3903.00 0.010452
3905.75 0.010884
3908.50 0.009223
3911.25 0.007092
3914.00 0.011466
3916.75 0.011233
3919.50 0.011525
3922.25 0.009886
3925.00 0.011035
3927.75 0.010488
3930.50 0.007021
3933.25 0.008274
3936.00 0.008502
3938.75 0.007768
3941.50 0.009655
3944.25 0.009246
3947.00 0.011113
3949.75 0.010196
3952.50 0.012337
3955.25 0.010967
3958.00 0.009692
3960.75 0.011286
3963.50 0.010322
3966.25 0.008977
3969.00 0.009001
3971.75 0.009295
3974.50 0.010900
3977.25 0.010382
3980.00 0.010503
3982.75 0.011088
3985.50 0.011845
3988.25 0.010224
3991.00 0.012243
3993.75 0.011718
3996.50 0.011864
3999.25 0.013001
4002.00 0.011612
4004.75 0.011619
4007.50 0.011191
4010.25 0.012462
4013.00 0.012726
4015.75 0.012144
4018.50 0.013070
4021.25 0.014011
4024.00 0.013611
4026.75 0.013610
4029.50 0.012599
4032.25 0.012668
4035.00 0.012533
4037.75 0.012931
4040.50 0.015322
4043.25 0.013044
4046.00 0.012573
4048.75 0.013071
4051.50 0.012502
4054.25 0.012607
4057.00 0.012712
4059.75 0.012049
4062.50 0.012464
4065.25 0.012803
4068.00 0.012490
4070.75 0.014307
4073.50 0.013195
4076.25 0.013775
4079.00 0.013986
4081.75 0.014126
4084.50 0.014469
4087.25 0.013480
4090.00 0.012925
4092.75 0.012373
4095.50 0.014386
4098.25 0.012275
4101.00 0.012635
4103.75 0.011688
4106.50 0.012533
4109.25 0.012567
4112.00 0.012307
4114.75 0.012606
4117.50 0.013024
4120.25 0.012826
4123.00 0.013542
4125.75 0.013831
4128.50 0.013834
4131.25 0.012310
4134.00 0.012706
4136.75 0.013172
4139.50 0.013545
4142.25 0.012908
4145.00 0.012790
4147.75 0.013579
4150.50 0.013091
4153.25 0.013834
4156.00 0.014187
4158.75 0.011919
4161.50 0.013108
4164.25 0.012684
4167.00 0.012768
4169.75 0.013547
4172.50 0.012414
4175.25 0.012805
4178.00 0.012365
4180.75 0.013425
4183.50 0.013963
4186.25 0.013185
4189.00 0.013811
4191.75 0.013983
4194.50 0.013017
4197.25 0.013276
4200.00 0.014215
4202.75 0.013151
4205.50 0.013596
4208.25 0.013943
4211.00 0.014241
4213.75 0.014608
4216.50 0.013444
4219.25 0.014284
4222.00 0.014387
4224.75 0.014897
4227.50 0.013922
4230.25 0.013601
4233.00 0.013817
4235.75 0.014103
4238.50 0.014630
4241.25 0.014543
4244.00 0.014788
4246.75 0.015435
4249.50 0.013562
4252.25 0.013171
4255.00 0.014036
4257.75 0.014622
4260.50 0.013776
4263.25 0.014534
4266.00 0.015302
4268.75 0.015627
4271.50 0.014079
4274.25 0.013892
4277.00 0.014891
4279.75 0.014986
4282.50 0.014804
4285.25 0.015105
4288.00 0.014764
4290.75 0.014866
4293.50 0.013484
4296.25 0.014619
4299.00 0.013851
4301.75 0.014740
4304.50 0.013841
4307.25 0.014270
4310.00 0.014962
4312.75 0.014049
4315.50 0.014391
4318.25 0.015041
4321.00 0.016608
4323.75 0.014866
4326.50 0.015290
4329.25 0.016315
4332.00 0.015675
4334.75 0.015579
4337.50 0.015929
4340.25 0.015621
4343.00 0.015812
4345.75 0.016063
4348.50 0.016686
4351.25 0.016647
4354.00 0.016263
4356.75 0.015849
4359.50 0.016500
4362.25 0.016081
4365.00 0.016453
4367.75 0.017114
4370.50 0.016360
4373.25 0.016413
4376.00 0.016823
4378.75 0.016599
4381.50 0.015376
4384.25 0.015321
4387.00 0.015776
4389.75 0.016457
4392.50 0.014995
4395.25 0.016071
4398.00 0.016236
4400.75 0.015542
4403.50 0.015420
4406.25 0.015751
4409.00 0.016536
4411.75 0.016194
4414.50 0.016616
4417.25 0.016127
4420.00 0.016104
4422.75 0.015472
4425.50 0.015830
4428.25 0.015364
4431.00 0.015778
4433.75 0.015922
4436.50 0.016209
4439.25 0.016212
4442.00 0.015548
4444.75 0.015793
4447.50 0.016405
4450.25 0.015566
4453.00 0.016137
4455.75 0.016788
4458.50 0.016058
4461.25 0.015469
4464.00 0.015659
4466.75 0.015318
4469.50 0.017232
4472.25 0.016862
4475.00 0.016671
4477.75 0.016747
4480.50 0.016711
4483.25 0.016244
4486.00 0.017278
4488.75 0.016884
4491.50 0.016533
4494.25 0.016715
4497.00 0.018092
4499.75 0.017010
4502.50 0.017548
4505.25 0.016557
4508.00 0.017004
4510.75 0.017585
4513.50 0.018769
4516.25 0.017607
4519.00 0.017931
4521.75 0.016956
4524.50 0.016963
4527.25 0.016579
4530.00 0.016524
4532.75 0.017127
4535.50 0.017004
4538.25 0.016777
4541.00 0.018508
4543.75 0.017185
4546.50 0.017558
4549.25 0.017397
4552.00 0.016915
4554.75 0.017842
4557.50 0.016973
4560.25 0.017655
4563.00 0.018255
4565.75 0.017985
4568.50 0.018032
4571.25 0.017924
4574.00 0.017904
4576.75 0.018012
4579.50 0.017510
4582.25 0.017507
4585.00 0.018115
4587.75 0.017680
4590.50 0.017577
4593.25 0.017378
4596.00 0.017452
4598.75 0.016967
4601.50 0.017478
4604.25 0.017370
4607.00 0.017641
4609.75 0.018232
4612.50 0.018128
4615.25 0.016966
4618.00 0.016484
4620.75 0.018366
4623.50 0.017938
4626.25 0.017433
4629.00 0.017214
4631.75 0.017521
4634.50 0.017750
4637.25 0.018194
4640.00 0.018064
4642.75 0.017234
4645.50 0.017390
4648.25 0.016956
4651.00 0.017209
4653.75 0.016788
4656.50 0.017936
4659.25 0.018235
4662.00 0.018773
4664.75 0.017634
4667.50 0.017683
4670.25 0.016898
4673.00 0.017478
4675.75 0.017124
4678.50 0.016764
4681.25 0.018380
4684.00 0.018150
4686.75 0.018500
4689.50 0.017967
4692.25 0.017528
4695.00 0.017655
4697.75 0.017497
4700.50 0.017570
4703.25 0.017788
4706.00 0.017159
4708.75 0.017045
4711.50 0.016934
4714.25 0.016877
4717.00 0.017116
4719.75 0.017543
4722.50 0.017526
4725.25 0.017543
4728.00 0.017831
4730.75 0.018100
4733.50 0.017021
4736.25 0.017332
4739.00 0.017200
4741.75 0.017435
4744.50 0.017640
4747.25 0.017446
4750.00 0.017718
4752.75 0.017998
4755.50 0.017788
4758.25 0.017617
4761.00 0.017556
4763.75 0.017175
4766.50 0.017098
4769.25 0.017801
4772.00 0.017675
4774.75 0.017211
4777.50 0.017863
4780.25 0.017267
4783.00 0.017953
4785.75 0.017050
4788.50 0.018045
4791.25 0.017649
4794.00 0.017906
4796.75 0.018341
4799.50 0.018153
4802.25 0.018411
4805.00 0.018358
4807.75 0.019008
4810.50 0.018648
4813.25 0.019178
4816.00 0.019360
4818.75 0.018863
4821.50 0.018832
4824.25 0.018877
4827.00 0.018894
4829.75 0.019731
4832.50 0.019544
4835.25 0.020004
4838.00 0.019368
4840.75 0.019882
4843.50 0.019624
4846.25 0.020936
4849.00 0.020887
4851.75 0.021465
4854.50 0.021333
4857.25 0.021336
4860.00 0.022782
4862.75 0.023476
4865.50 0.023342
4868.25 0.021758
4871.00 0.021008
4873.75 0.020917
4876.50 0.020311
4879.25 0.021162
4882.00 0.020357
4884.75 0.020566
4887.50 0.019409
4890.25 0.018870
4893.00 0.019491
4895.75 0.020564
4898.50 0.020864
4901.25 0.019931
4904.00 0.019965
4906.75 0.020319
4909.50 0.020513
4912.25 0.019967
4915.00 0.019318
4917.75 0.019611
4920.50 0.018475
4923.25 0.018964
4926.00 0.019380
4928.75 0.019943
4931.50 0.019872
4934.25 0.019356
4937.00 0.019142
4939.75 0.019358
4942.50 0.018983
4945.25 0.019447
4948.00 0.020226
4950.75 0.020863
4953.50 0.021114
4956.25 0.022834
4959.00 0.026057
4961.75 0.026401
4964.50 0.023786
4967.25 0.020959
4970.00 0.019376
4972.75 0.019120
4975.50 0.018921
4978.25 0.019003
4981.00 0.018898
4983.75 0.019390
4986.50 0.019208
4989.25 0.019846
4992.00 0.020746
4994.75 0.021192
4997.50 0.022157
5000.25 0.024144
5003.00 0.028921
5005.75 0.036810
5008.50 0.042532
5011.25 0.036132
5014.00 0.026676
5016.75 0.021403
5019.50 0.019649
5022.25 0.019462
5025.00 0.018375
5027.75 0.019013
5030.50 0.019099
5033.25 0.019187
5036.00 0.018379
5038.75 0.017931
5041.50 0.018099
5044.25 0.017732
5047.00 0.018252
5049.75 0.018313
5052.50 0.018063
5055.25 0.018316
5058.00 0.018429
5060.75 0.018614
5063.50 0.018600
5066.25 0.018723
5069.00 0.017866
5071.75 0.018203
5074.50 0.018129
5077.25 0.017866
5080.00 0.017655
5082.75 0.017583
5085.50 0.017854
5088.25 0.017802
5091.00 0.018315
5093.75 0.017577
5096.50 0.017851
5099.25 0.017423
5102.00 0.018053
5104.75 0.017812
5107.50 0.018408
5110.25 0.017976
5113.00 0.017503
5115.75 0.017813
5118.50 0.018265
5121.25 0.018168
5124.00 0.017813
5126.75 0.018236
5129.50 0.017885
5132.25 0.018148
5135.00 0.018805
5137.75 0.018445
5140.50 0.017645
5143.25 0.017672
5146.00 0.018238
5148.75 0.018360
5151.50 0.018475
5154.25 0.017396
5157.00 0.017961
5159.75 0.018663
5162.50 0.018496
5165.25 0.018434
5168.00 0.017949
5170.75 0.016696
5173.50 0.016828
5176.25 0.017929
5179.00 0.018922
5181.75 0.018493
5184.50 0.018026
5187.25 0.017589
5190.00 0.017468
5192.75 0.017423
5195.50 0.018406
5198.25 0.019021
5201.00 0.019488
5203.75 0.019402
5206.50 0.018299
5209.25 0.018077
5212.00 0.018686
5214.75 0.018672
5217.50 0.018709
5220.25 0.018696
5223.00 0.019595
5225.75 0.018460
5228.50 0.018391
5231.25 0.018897
5234.00 0.018745
5236.75 0.019132
5239.50 0.019075
5242.25 0.019209
5245.00 0.019228
5247.75 0.019128
5250.50 0.019118
5253.25 0.019038
5256.00 0.018968
5258.75 0.019568
5261.50 0.019551
5264.25 0.018621
5267.00 0.018338
5269.75 0.017707
5272.50 0.018315
5275.25 0.019067
5278.00 0.019620
5280.75 0.018952
5283.50 0.019169
5286.25 0.019413
5289.00 0.019650
5291.75 0.019771
5294.50 0.020068
5297.25 0.019837
5300.00 0.019829
5302.75 0.019823
5305.50 0.019331
5308.25 0.020340
5311.00 0.019925
5313.75 0.019671
5316.50 0.019822
5319.25 0.019723
5322.00 0.019258
5324.75 0.019449
5327.50 0.019204
5330.25 0.019014
5333.00 0.018877
5335.75 0.019127
5338.50 0.019168
5341.25 0.019144
5344.00 0.019220
5346.75 0.019028
5349.50 0.019266
5352.25 0.019254
5355.00 0.019312
5357.75 0.020310
5360.50 0.019758
5363.25 0.019655
5366.00 0.019251
5368.75 0.018950
5371.50 0.018754
5374.25 0.018655
5377.00 0.019054
5379.75 0.018589
5382.50 0.019140
5385.25 0.018717
5388.00 0.018792
5390.75 0.019102
5393.50 0.019259
5396.25 0.019003
5399.00 0.018554
5401.75 0.018957
5404.50 0.018262
5407.25 0.018379
5410.00 0.018702
5412.75 0.018722
5415.50 0.018985
5418.25 0.019349
5421.00 0.019147
5423.75 0.018864
5426.50 0.019205
5429.25 0.018985
5432.00 0.019136
5434.75 0.018791
5437.50 0.018827
5440.25 0.018570
5443.00 0.019548
5445.75 0.019020
5448.50 0.018472
5451.25 0.018227
5454.00 0.018731
5456.75 0.018365
5459.50 0.018267
5462.25 0.018521
5465.00 0.019073
5467.75 0.019134
5470.50 0.019438
5473.25 0.018877
5476.00 0.018349
5478.75 0.018529
5481.50 0.018131
5484.25 0.018577
5487.00 0.018879
5489.75 0.018920
5492.50 0.019095
5495.25 0.018935
5498.00 0.018800
5500.75 0.018967
5503.50 0.019010
5506.25 0.019059
5509.00 0.018325
5511.75 0.018815
5514.50 0.018812
5517.25 0.018633
5520.00 0.019344
5522.75 0.018950
5525.50 0.018853
5528.25 0.018399
5531.00 0.018414
5533.75 0.019013
5536.50 0.018957
5539.25 0.019082
5542.00 0.019588
5544.75 0.019343
5547.50 0.019510
5550.25 0.019573
5553.00 0.018953
5555.75 0.019119
5558.50 0.019533
5561.25 0.019157
5564.00 0.019148
5566.75 0.019164
5569.50 0.019405
5572.25 0.019969
5575.00 0.019772
5577.75 0.020362
5580.50 0.020606
5583.25 0.020129
5586.00 0.019811
5588.75 0.018235
5591.50 0.018483
5594.25 0.018929
5597.00 0.018888
5599.75 0.018815
5602.50 0.018847
5605.25 0.019486
5608.00 0.019611
5610.75 0.019783
5613.50 0.019613
5616.25 0.019557
5619.00 0.019113
5621.75 0.018794
5624.50 0.018944
5627.25 0.019546
5630.00 0.019908
5632.75 0.019268
5635.50 0.020104
5638.25 0.019661
5641.00 0.019519
5643.75 0.019507
5646.50 0.019297
5649.25 0.019104
5652.00 0.020109
5654.75 0.020010
5657.50 0.019435
5660.25 0.020082
5663.00 0.019851
5665.75 0.019085
5668.50 0.019575
5671.25 0.019319
5674.00 0.019948
5676.75 0.020360
5679.50 0.019860
5682.25 0.020301
5685.00 0.019751
5687.75 0.019637
5690.50 0.019377
5693.25 0.019796
5696.00 0.019797
5698.75 0.019583
5701.50 0.019668
5704.25 0.019628
5707.00 0.019567
5709.75 0.019580
5712.50 0.020049
5715.25 0.020403
5718.00 0.020531
5720.75 0.021122
5723.50 0.020975
5726.25 0.020591
5729.00 0.020318
5731.75 0.020365
5734.50 0.020388
5737.25 0.020244
5740.00 0.020238
5742.75 0.019910
5745.50 0.020105
5748.25 0.020303
5751.00 0.020089
5753.75 0.020418
5756.50 0.020153
5759.25 0.020980
5762.00 0.020568
5764.75 0.019913
5767.50 0.020784
5770.25 0.020475
5773.00 0.021039
5775.75 0.020275
5778.50 0.020673
5781.25 0.019952
5784.00 0.020279
5786.75 0.019837
5789.50 0.020381
5792.25 0.020158
5795.00 0.020814
5797.75 0.020244
5800.50 0.020044
5803.25 0.020271
5806.00 0.020755
5808.75 0.020524
5811.50 0.020746
5814.25 0.020632
5817.00 0.020627
5819.75 0.021213
5822.50 0.020939
5825.25 0.020764
5828.00 0.021412
5830.75 0.021993
5833.50 0.021231
5836.25 0.020952
5839.00 0.020769
5841.75 0.020700
5844.50 0.020475
5847.25 0.021092
5850.00 0.020416
5852.75 0.020882
5855.50 0.020419
5858.25 0.020423
5861.00 0.021382
5863.75 0.020482
5866.50 0.020334
5869.25 0.020828
5872.00 0.020546
5874.75 0.021560
5877.50 0.021866
5880.25 0.021559
5883.00 0.020919
5885.75 0.020641
5888.50 0.020110
5891.25 0.019236
5894.00 0.019182
5896.75 0.019225
5899.50 0.019695
5902.25 0.020286
5905.00 0.020805
5907.75 0.020607
5910.50 0.020736
5913.25 0.020167
5916.00 0.020693
5918.75 0.019550
5921.50 0.020255
5924.25 0.020210
5927.00 0.019912
5929.75 0.020224
5932.50 0.019890
5935.25 0.020008
5938.00 0.020476
5940.75 0.020532
5943.50 0.020468
5946.25 0.020049
5949.00 0.019815
5951.75 0.020241
5954.50 0.020043
5957.25 0.019876
5960.00 0.020575
5962.75 0.020367
5965.50 0.020354
5968.25 0.020188
5971.00 0.020308
5973.75 0.019926
5976.50 0.020129
5979.25 0.020233
5982.00 0.020526
5984.75 0.020626
5987.50 0.020264
5990.25 0.019691
5993.00 0.020317
5995.75 0.020006
5998.50 0.020044
6001.25 0.020187
6004.00 0.020269
6006.75 0.020091
6009.50 0.019927
6012.25 0.020065
6015.00 0.020613
6017.75 0.019946
6020.50 0.019578
6023.25 0.019827
6026.00 0.019905
6028.75 0.020034
6031.50 0.019707
6034.25 0.020084
6037.00 0.019757
6039.75 0.020416
6042.50 0.019810
6045.25 0.020088
6048.00 0.020531
6050.75 0.020450
6053.50 0.019914
6056.25 0.020877
6059.00 0.020105
6061.75 0.020248
6064.50 0.019773
6067.25 0.020514
6070.00 0.020832
6072.75 0.020668
6075.50 0.020937
6078.25 0.020292
6081.00 0.020382
6083.75 0.020954
6086.50 0.020504
6089.25 0.020452
6092.00 0.020308
6094.75 0.019957
6097.50 0.019759
6100.25 0.020271
6103.00 0.019975
6105.75 0.019608
6108.50 0.020035
6111.25 0.019723
6114.00 0.020210
6116.75 0.019896
6119.50 0.019858
6122.25 0.019933
6125.00 0.019772
6127.75 0.019862
6130.50 0.019987
6133.25 0.020405
6136.00 0.019712
6138.75 0.019767
6141.50 0.019552
6144.25 0.019835
6147.00 0.020288
6149.75 0.019861
6152.50 0.020250
6155.25 0.020157
6158.00 0.019751
6160.75 0.019153
6163.50 0.019454
6166.25 0.019033
6169.00 0.019425
6171.75 0.019824
6174.50 0.019469
6177.25 0.019882
6180.00 0.020333
6182.75 0.020257
6185.50 0.020012
6188.25 0.020161
6191.00 0.020166
6193.75 0.019894
6196.50 0.020306
6199.25 0.019785
6202.00 0.019643
6204.75 0.020325
6207.50 0.019751
6210.25 0.020209
6213.00 0.019920
6215.75 0.019421
6218.50 0.019625
6221.25 0.020086
6224.00 0.019674
6226.75 0.019317
6229.50 0.019502
6232.25 0.019553
6235.00 0.019707
6237.75 0.019741
6240.50 0.019528
6243.25 0.019345
6246.00 0.019498
6248.75 0.019608
6251.50 0.019744
6254.25 0.019724
6257.00 0.019280
6259.75 0.019116
6262.50 0.019315
6265.25 0.020103
6268.00 0.019513
6270.75 0.019614
6273.50 0.019637
6276.25 0.020435
6279.00 0.020105
6281.75 0.019774
6284.50 0.019532
6287.25 0.019679
6290.00 0.020215
6292.75 0.019966
6295.50 0.020103
6298.25 0.020865
6301.00 0.021770
6303.75 0.021983
6306.50 0.020767
6309.25 0.020485
6312.00 0.020263
6314.75 0.020065
6317.50 0.019862
6320.25 0.019800
6323.00 0.019850
6325.75 0.020273
6328.50 0.020657
6331.25 0.019962
6334.00 0.019777
6336.75 0.019946
6339.50 0.019758
6342.25 0.020049
6345.00 0.019976
6347.75 0.020077
6350.50 0.020407
6353.25 0.020488
6356.00 0.020244
6358.75 0.020226
6361.50 0.020248
6364.25 0.020508
6367.00 0.020702
6369.75 0.021074
6372.50 0.021015
6375.25 0.021031
6378.00 0.021074
6380.75 0.020917
6383.50 0.020689
6386.25 0.020902
6389.00 0.020741
6391.75 0.020503
6394.50 0.020344
6397.25 0.020631
6400.00 0.020570
6402.75 0.020452
6405.50 0.020691
6408.25 0.020593
6411.00 0.020677
6413.75 0.020632
6416.50 0.020914
6419.25 0.020986
6422.00 0.020467
6424.75 0.020928
6427.50 0.021476
6430.25 0.021069
6433.00 0.021708
6435.75 0.021120
6438.50 0.021529
6441.25 0.021740
6444.00 0.021810
6446.75 0.021802
6449.50 0.021794
6452.25 0.021749
6455.00 0.021888
6457.75 0.022132
6460.50 0.021907
6463.25 0.022516
6466.00 0.022411
6468.75 0.022517
6471.50 0.023585
6474.25 0.023004
6477.00 0.023488
6479.75 0.023407
6482.50 0.023827
6485.25 0.023735
6488.00 0.024071
6490.75 0.024751
6493.50 0.024831
6496.25 0.024317
6499.00 0.024705
6501.75 0.024945
6504.50 0.025596
6507.25 0.026129
6510.00 0.026668
6512.75 0.027176
6515.50 0.027646
6518.25 0.028140
6521.00 0.029036
6523.75 0.029411
6526.50 0.030122
6529.25 0.030916
6532.00 0.031494
6534.75 0.032004
6537.50 0.033246
6540.25 0.034523
6543.00 0.035932
6545.75 0.037934
6548.50 0.041701
6551.25 0.043399
6554.00 0.043509
6556.75 0.043628
6559.50 0.045900
6562.25 0.052625
6565.00 0.057717
6567.75 0.055358
6570.50 0.047563
6573.25 0.042274
6576.00 0.040408
6578.75 0.040124
6581.50 0.042938
6584.25 0.047371
6587.00 0.047519
6589.75 0.042251
6592.50 0.036375
6595.25 0.032960
6598.00 0.031935
6600.75 0.030618
6603.50 0.030206
6606.25 0.029555
6609.00 0.028694
6611.75 0.028085
6614.50 0.027747
6617.25 0.026869
6620.00 0.027024
6622.75 0.026887
6625.50 0.026333
6628.25 0.026085
6631.00 0.025689
6633.75 0.025330
6636.50 0.025025
6639.25 0.024292
6642.00 0.024228
6644.75 0.023859
6647.50 0.023745
6650.25 0.023977
6653.00 0.023331
6655.75 0.023219
6658.50 0.023032
6661.25 0.022951
6664.00 0.022851
6666.75 0.022570
6669.50 0.022477
6672.25 0.022896
6675.00 0.022641
6677.75 0.022420
6680.50 0.022313
6683.25 0.021857
6686.00 0.022027
6688.75 0.021702
6691.50 0.022004
6694.25 0.022272
6697.00 0.021809
6699.75 0.021671
6702.50 0.021198
6705.25 0.021439
6708.00 0.021578
6710.75 0.021667
6713.50 0.022436
6716.25 0.023719
6719.00 0.025013
6721.75 0.024129
6724.50 0.022491
6727.25 0.021841
6730.00 0.023226
6732.75 0.024090
6735.50 0.024076
6738.25 0.022482
6741.00 0.021515
6743.75 0.020865
6746.50 0.020485
6749.25 0.020777
6752.00 0.020839
6754.75 0.020537
6757.50 0.020427
6760.25 0.020551
6763.00 0.020767
6765.75 0.020541
6768.50 0.020351
6771.25 0.020359
6774.00 0.020065
6776.75 0.020570
6779.50 0.020790
6782.25 0.020547
6785.00 0.020295
6787.75 0.020347
6790.50 0.020554
6793.25 0.020024
6796.00 0.020193
6798.75 0.020258
6801.50 0.019956
6804.25 0.020502
6807.00 0.020413
6809.75 0.020625
6812.50 0.020453
6815.25 0.020246
6818.00 0.020777
6820.75 0.020433
6823.50 0.020542
6826.25 0.020335
6829.00 0.020764
6831.75 0.020881
6834.50 0.020532
6837.25 0.020525
6840.00 0.020640
6842.75 0.020318
6845.50 0.019817
6848.25 0.020350
6851.00 0.020418
6853.75 0.020249
6856.50 0.020229
6859.25 0.020318
6862.00 0.020642
6864.75 0.019856
6867.50 0.020172
6870.25 0.020824
6873.00 0.020617
6875.75 0.020327
6878.50 0.020603
6881.25 0.020753
6884.00 0.020312
6886.75 0.020490
6889.50 0.020307
6892.25 0.020382
6895.00 0.020678
6897.75 0.020360
6900.50 0.020969
6903.25 0.020606
6906.00 0.020500
6908.75 0.020484
6911.50 0.020682
6914.25 0.020473
6917.00 0.020426
6919.75 0.020353
6922.50 0.020436
6925.25 0.020401
6928.00 0.020180
6930.75 0.020470
6933.50 0.020450
6936.25 0.020588
6939.00 0.020754
6941.75 0.020515
6944.50 0.020825
6947.25 0.020419
6950.00 0.020299
6952.75 0.020634
6955.50 0.020311
6958.25 0.020239
6961.00 0.020672
6963.75 0.020915
6966.50 0.020670
6969.25 0.020549
6972.00 0.020719
6974.75 0.021016
6977.50 0.020661
6980.25 0.020474
6983.00 0.020714
6985.75 0.021003
6988.50 0.021235
6991.25 0.020806
6994.00 0.021274
6996.75 0.021008
6999.50 0.021069
7002.25 0.020821
7005.00 0.021489
7007.75 0.021167
7010.50 0.020576
7013.25 0.020557
7016.00 0.020857
7018.75 0.020861
7021.50 0.020912
7024.25 0.021021
7027.00 0.021307
7029.75 0.021284
7032.50 0.021263
7035.25 0.021366
7038.00 0.021814
7040.75 0.021802
7043.50 0.022255
7046.25 0.022568
7049.00 0.022351
7051.75 0.021987
7054.50 0.021805
7057.25 0.021649
7060.00 0.022174
7062.75 0.021781
7065.50 0.022079
7068.25 0.022153
7071.00 0.021551
7073.75 0.021864
7076.50 0.021929
7079.25 0.022004
7082.00 0.021471
7084.75 0.021462
7087.50 0.021173
7090.25 0.020904
7093.00 0.021148
7095.75 0.021130
7098.50 0.021375
7101.25 0.020830
7104.00 0.021068
7106.75 0.021343
7109.50 0.021289
7112.25 0.021001
7115.00 0.020876
7117.75 0.021180
7120.50 0.020798
7123.25 0.020768
7126.00 0.020621
7128.75 0.020893
7131.50 0.021025
7134.25 0.021204
7137.00 0.021561
7139.75 0.021585
7142.50 0.021187
7145.25 0.021152
7148.00 0.020939
7150.75 0.020504
7153.50 0.021118
7156.25 0.021500
7159.00 0.021354
7161.75 0.021072
7164.50 0.021515
7167.25 0.021355
7170.00 0.021213
7172.75 0.021423
7175.50 0.021821
7178.25 0.021414
7181.00 0.021872
7183.75 0.021498
7186.50 0.021355
7189.25 0.021495
7192.00 0.021703
7194.75 0.021672
7197.50 0.021621
7200.25 0.021844
7203.00 0.021020
7205.75 0.021798
7208.50 0.020922
7211.25 0.021864
7214.00 0.021365
7216.75 0.021582
7219.50 0.021644
7222.25 0.021569
7225.00 0.021906
7227.75 0.021976
7230.50 0.021667
7233.25 0.021348
7236.00 0.021846
7238.75 0.021528
7241.50 0.021586
7244.25 0.021880
7247.00 0.021642
7249.75 0.022116
7252.50 0.022031
7255.25 0.021685
7258.00 0.021932
7260.75 0.022026
7263.50 0.022259
7266.25 0.022017
7269.00 0.021926
7271.75 0.021657
7274.50 0.021888
7277.25 0.021494
7280.00 0.021627
7282.75 0.021738
7285.50 0.021530
7288.25 0.021711
7291.00 0.022067
7293.75 0.021890
7296.50 0.022092
7299.25 0.022142
7302.00 0.022197
7304.75 0.021930
7307.50 0.022252
7310.25 0.021946
7313.00 0.022481
7315.75 0.022550
7318.50 0.022641
7321.25 0.022686
7324.00 0.022766
7326.75 0.022425
7329.50 0.022447
7332.25 0.022628
7335.00 0.022626
7337.75 0.022599
7340.50 0.022940
7343.25 0.022413
7346.00 0.022710
7348.75 0.022393
7351.50 0.022543
7354.25 0.022271
7357.00 0.022231
7359.75 0.021833
7362.50 0.022489
7365.25 0.022328
7368.00 0.022001
7370.75 0.022464
7373.50 0.022425
7376.25 0.022810
7379.00 0.022241
7381.75 0.022863
7384.50 0.022824
7387.25 0.021874
7390.00 0.022387
7392.75 0.022110
7395.50 0.022053
7398.25 0.022230
7401.00 0.022419
7403.75 0.022084
7406.50 0.022568
7409.25 0.022526
7412.00 0.022376
7414.75 0.022177
7417.50 0.021984
7420.25 0.021963
7423.00 0.021709
7425.75 0.022169
7428.50 0.021802
7431.25 0.021836
7434.00 0.022149
7436.75 0.022080
7439.50 0.022300
7442.25 0.022154
7445.00 0.022762
7447.75 0.022156
7450.50 0.022680
7453.25 0.022491
7456.00 0.022839
7458.75 0.022974
7461.50 0.022500
7464.25 0.022436
7467.00 0.022488
7469.75 0.022612
7472.50 0.022621
7475.25 0.022855
7478.00 0.022775
7480.75 0.022232
7483.50 0.022600
7486.25 0.022582
7489.00 0.022502
7491.75 0.022375
7494.50 0.022025
7497.25 0.022724
7500.00 0.022576
7502.75 0.022182
7505.50 0.022383
7508.25 0.022475
7511.00 0.022226
7513.75 0.021571
7516.50 0.022216
7519.25 0.023047
7522.00 0.022746
7524.75 0.022188
7527.50 0.022004
7530.25 0.022071
7533.00 0.022192
7535.75 0.021963
7538.50 0.021582
7541.25 0.022197
7544.00 0.022315
7546.75 0.022319
7549.50 0.021867
7552.25 0.022707
7555.00 0.021690
7557.75 0.021945
7560.50 0.021704
7563.25 0.022052
7566.00 0.021840
7568.75 0.022247
7571.50 0.022186
7574.25 0.022041
7577.00 0.022214
7579.75 0.022404
7582.50 0.022472
7585.25 0.022406
7588.00 0.022364
7590.75 0.021784
7593.50 0.021601
7596.25 0.022027
7599.00 0.022003
7601.75 0.022120
7604.50 0.021818
7607.25 0.021946
7610.00 0.022434
7612.75 0.022229
7615.50 0.021210
7618.25 0.021750
7621.00 0.021816
7623.75 0.022353
7626.50 0.021821
7629.25 0.022053
7632.00 0.021760
7634.75 0.022131
7637.50 0.022141
7640.25 0.021854
7643.00 0.021505
7645.75 0.022311
7648.50 0.022074
7651.25 0.022072
7654.00 0.021732
7656.75 0.021567
7659.50 0.021978
7662.25 0.021639
7665.00 0.021376
7667.75 0.020744
7670.50 0.021365
7673.25 0.021566
7676.00 0.021832
7678.75 0.021449
7681.50 0.021832
7684.25 0.022376
7687.00 0.022611
7689.75 0.021677
7692.50 0.022157
7695.25 0.022260
7698.00 0.022202
7700.75 0.021568
7703.50 0.022131
7706.25 0.022247
7709.00 0.022720
7711.75 0.022394
7714.50 0.021926
7717.25 0.022328
7720.00 0.021960
7722.75 0.023615
7725.50 0.021860
7728.25 0.021343
7731.00 0.021572
7733.75 0.022398
7736.50 0.022003
7739.25 0.021565
7742.00 0.021879
7744.75 0.021690
7747.50 0.021819
7750.25 0.021350
7753.00 0.021678
7755.75 0.022103
7758.50 0.021792
7761.25 0.022021
7764.00 0.021820
7766.75 0.023028
7769.50 0.022426
7772.25 0.022407
7775.00 0.022337
7777.75 0.022480
7780.50 0.022896
7783.25 0.022150
7786.00 0.022990
7788.75 0.023002
7791.50 0.023258
7794.25 0.023668
7797.00 0.023001
7799.75 0.023245
7802.50 0.023393
7805.25 0.023903
7808.00 0.024899
7810.75 0.023623
7813.50 0.025001
7816.25 0.024023
7819.00 0.025728
7821.75 0.023785
7824.50 0.025330
7827.25 0.025366
7830.00 0.024211
7832.75 0.024734
7835.50 0.024296
7838.25 0.025139
7841.00 0.024080
7843.75 0.024002
7846.50 0.024338
7849.25 0.024238
7852.00 0.024327
7854.75 0.023771
7857.50 0.024853
7860.25 0.024253
7863.00 0.025424
7865.75 0.025822
7868.50 0.025688
7871.25 0.025505
7874.00 0.024932
7876.75 0.024142
7879.50 0.024016
7882.25 0.023727
7885.00 0.025805
7887.75 0.024205
7890.50 0.023786
7893.25 0.025390
7896.00 0.023818
7898.75 0.023182
7901.50 0.023988
7904.25 0.023528
7907.00 0.024078
7909.75 0.024820
7912.50 0.024141
7915.25 0.022977
7918.00 0.025684
7920.75 0.023751
7923.50 0.022541
7926.25 0.023442
7929.00 0.023710
7931.75 0.022323
7934.50 0.023139
7937.25 0.024174
7940.00 0.022593
7942.75 0.023445
7945.50 0.023179
7948.25 0.024211
7951.00 0.023519
7953.75 0.022654
7956.50 0.023352
7959.25 0.022885
7962.00 0.023123
7964.75 0.023373
7967.50 0.023336
7970.25 0.023252
7973.00 0.022411
7975.75 0.023292
7978.50 0.022763
7981.25 0.022703
7984.00 0.024230
7986.75 0.024155
7989.50 0.022708
7992.25 0.022841
7995.00 0.022138
7997.75 0.024146
