900.00 0.037497
902.75 0.038044
905.50 0.035185
908.25 0.036355
911.00 0.035637
913.75 0.034922
916.50 0.036281
919.25 0.031250
922.00 0.029679
924.75 0.026344
927.50 0.028675
930.25 0.031746
933.00 0.028065
935.75 0.026362
938.50 0.030162
941.25 0.026292
944.00 0.029591
946.75 0.026923
949.50 0.025664
952.25 0.029246
955.00 0.029615
957.75 0.028830
960.50 0.025552
963.25 0.023211
966.00 0.025922
968.75 0.027630
971.50 0.029263
974.25 0.029749
977.00 0.026444
979.75 0.028819
982.50 0.026502
985.25 0.026912
988.00 0.032944
990.75 0.036288
993.50 0.033784
996.25 0.030057
999.00 0.033907
1001.75 0.042571
1004.50 0.038291
1007.25 0.028889
1010.00 0.034946
1012.75 0.031001
1015.50 0.022536
1018.25 0.017317
1021.00 0.009636
1023.75 0.007249
1026.50 0.005306
1029.25 0.019642
1032.00 0.022298
1034.75 0.040224
1037.50 0.041395
1040.25 0.026664
1043.00 0.018785
1045.75 0.026546
1048.50 0.020965
1051.25 0.016790
1054.00 0.018729
1056.75 0.015024
1059.50 0.016044
1062.25 0.010324
1065.00 0.005954
1067.75 0.008321
1070.50 0.008336
1073.25 0.008110
1076.00 0.010419
1078.75 0.014133
1081.50 0.015075
1084.25 0.022969
1087.00 0.021593
1089.75 0.023771
1092.50 0.022971
1095.25 0.022462
1098.00 0.018562
1100.75 0.018561
1103.50 0.017507
1106.25 0.011396
1109.00 0.015508
1111.75 0.011062
1114.50 0.001732
1117.25 0.004112
1120.00 0.000542
1122.75 -0.002944
1125.50 -0.000900
1128.25 0.002502
1131.00 0.005708
1133.75 0.004220
1136.50 0.008519
1139.25 0.008169
1142.00 0.012557
1144.75 0.015490
1147.50 0.015867
1150.25 0.016367
1153.00 0.017289
1155.75 0.017253
1158.50 0.020659
1161.25 0.020087
1164.00 0.022023
1166.75 0.024080
1169.50 0.026658
1172.25 0.028509
1175.00 0.031624
1177.75 0.034215
1180.50 0.033574
1183.25 0.039155
1186.00 0.058887
1188.75 0.059127
1191.50 0.056775
1194.25 0.054449
1197.00 0.071360
1199.75 0.048975
1202.50 0.050255
1205.25 0.084587
1208.00 0.063678
1210.75 0.127299
1213.50 0.199781
1216.25 0.144290
1219.00 -0.057120
1221.75 -0.139570
1224.50 -0.183919
1227.25 -0.188805
1230.00 -0.200827
1232.75 -0.204317
1235.50 -0.200560
1238.25 -0.181828
1241.00 -0.158401
1243.75 -0.147417
1246.50 -0.136913
1249.25 -0.118640
1252.00 -0.106386
1254.75 -0.100453
1257.50 -0.094494
1260.25 -0.092769
1263.00 -0.087001
1265.75 -0.084717
1268.50 -0.081506
1271.25 -0.075112
1274.00 -0.068149
1276.75 -0.066904
1279.50 -0.062334
1282.25 -0.060540
1285.00 -0.059487
1287.75 -0.059087
1290.50 -0.059227
1293.25 -0.058760
1296.00 -0.061766
1298.75 -0.060349
1301.50 -0.059316
1304.25 -0.060118
1307.00 -0.062866
1309.75 -0.062373
1312.50 -0.059360
1315.25 -0.052438
1318.00 -0.051109
1320.75 -0.046898
1323.50 -0.045153
1326.25 -0.045541
1329.00 -0.043709
1331.75 -0.045283
1334.50 -0.044426
1337.25 -0.045463
1340.00 -0.042771
1342.75 -0.040854
1345.50 -0.038629
1348.25 -0.035034
1351.00 -0.033335
1353.75 -0.033083
1356.50 -0.030618
1359.25 -0.029445
1362.00 -0.031738
1364.75 -0.033370
1367.50 -0.033287
1370.25 -0.035802
1373.00 -0.041640
1375.75 -0.044152
1378.50 -0.047334
1381.25 -0.050142
1384.00 -0.056111
1386.75 -0.060050
1389.50 -0.059479
1392.25 -0.059993
1395.00 -0.064256
1397.75 -0.063174
1400.50 -0.058887
1403.25 -0.057724
1406.00 -0.058480
1408.75 -0.055424
1411.50 -0.052040
1414.25 -0.049423
1417.00 -0.047294
1419.75 -0.045939
1422.50 -0.043869
1425.25 -0.041784
1428.00 -0.040572
1430.75 -0.039817
1433.50 -0.038882
1436.25 -0.037443
1439.00 -0.034791
1441.75 -0.034247
1444.50 -0.032402
1447.25 -0.032121
1450.00 -0.030735
1452.75 -0.028296
1455.50 -0.027434
1458.25 -0.025437
1461.00 -0.025808
1463.75 -0.024403
1466.50 -0.022473
1469.25 -0.021599
1472.00 -0.020058
1474.75 -0.019674
1477.50 -0.016266
1480.25 -0.014733
1483.00 -0.014379
1485.75 -0.013485
1488.50 -0.013154
1491.25 -0.011906
1494.00 -0.011202
1496.75 -0.010381
1499.50 -0.011326
1502.25 -0.010713
1505.00 -0.008265
1507.75 -0.007513
1510.50 -0.008322
1513.25 -0.011815
1516.00 -0.014832
1518.75 -0.017896
1521.50 -0.020855
1524.25 -0.025469
1527.00 -0.032650
1529.75 -0.035808
1532.50 -0.038890
1535.25 -0.038200
1538.00 -0.040992
1540.75 -0.042057
1543.50 -0.026734
1546.25 -0.009585
1549.00 -0.011630
1551.75 -0.023573
1554.50 -0.025168
1557.25 -0.020019
1560.00 -0.017960
1562.75 -0.017062
1565.50 -0.014534
1568.25 -0.012846
1571.00 -0.012355
1573.75 -0.011600
1576.50 -0.010644
1579.25 -0.010005
1582.00 -0.009794
1584.75 -0.009588
1587.50 -0.008614
1590.25 -0.008949
1593.00 -0.008846
1595.75 -0.007938
1598.50 -0.007064
1601.25 -0.007534
1604.00 -0.007484
1606.75 -0.008202
1609.50 -0.007440
1612.25 -0.007493
1615.00 -0.007366
1617.75 -0.007291
1620.50 -0.007055
1623.25 -0.006249
1626.00 -0.006372
1628.75 -0.004810
1631.50 -0.004362
1634.25 -0.003185
1637.00 -0.002171
1639.75 -0.002581
1642.50 -0.003296
1645.25 -0.003860
1648.00 -0.003283
1650.75 -0.003278
1653.50 -0.003060
1656.25 -0.002157
1659.00 -0.000812
1661.75 -0.000446
1664.50 -0.000281
1667.25 -0.000543
1670.00 -0.000917
1672.75 -0.001070
1675.50 -0.000813
1678.25 -0.000677
1681.00 -0.000505
1683.75 -0.000567
1686.50 0.000256
1689.25 0.000363
1692.00 0.001228
1694.75 0.000751
1697.50 0.001276
1700.25 0.000991
1703.00 0.001201
1705.75 0.001927
1708.50 0.002585
1711.25 0.002663
1714.00 0.002374
1716.75 0.002431
1719.50 0.002344
1722.25 0.002932
1725.00 0.002939
1727.75 0.003936
1730.50 0.003924
1733.25 0.004315
1736.00 0.004533
1738.75 0.004699
1741.50 0.005622
1744.25 0.005772
1747.00 0.006558
1749.75 0.006506
1752.50 0.006750
1755.25 0.007156
1758.00 0.006590
1760.75 0.006726
1763.50 0.007257
1766.25 0.006973
1769.00 0.007231
1771.75 0.007936
1774.50 0.008226
1777.25 0.008484
1780.00 0.008485
1782.75 0.008774
1785.50 0.009023
1788.25 0.009824
1791.00 0.009297
1793.75 0.009402
1796.50 0.009549
1799.25 0.009993
1802.00 0.009668
1804.75 0.010885
1807.50 0.010732
1810.25 0.010771
1813.00 0.010610
1815.75 0.010429
1818.50 0.010428
1821.25 0.009982
1824.00 0.010206
1826.75 0.010101
1829.50 0.010145
1832.25 0.010363
1835.00 0.009981
1837.75 0.009721
1840.50 0.010078
1843.25 0.010087
1846.00 0.009942
1848.75 0.010345
1851.50 0.010375
1854.25 0.010472
1857.00 0.010934
1859.75 0.011085
1862.50 0.011084
1865.25 0.011241
1868.00 0.011701
1870.75 0.011999
1873.50 0.012237
1876.25 0.012648
1879.00 0.013302
1881.75 0.013812
1884.50 0.014675
1887.25 0.015915
1890.00 0.016555
1892.75 0.017493
1895.50 0.017691
1898.25 0.018264
1901.00 0.019281
1903.75 0.021138
1906.50 0.022945
1909.25 0.022512
1912.00 0.020145
1914.75 0.017822
1917.50 0.016240
1920.25 0.015194
1923.00 0.014527
1925.75 0.013977
1928.50 0.013873
1931.25 0.013519
1934.00 0.013452
1936.75 0.013507
1939.50 0.013205
1942.25 0.013632
1945.00 0.013418
1947.75 0.013251
1950.50 0.013791
1953.25 0.013322
1956.00 0.013174
1958.75 0.013466
1961.50 0.013178
1964.25 0.013253
1967.00 0.013487
1969.75 0.013262
1972.50 0.013604
1975.25 0.013757
1978.00 0.013997
1980.75 0.014031
1983.50 0.013811
1986.25 0.014093
1989.00 0.014083
1991.75 0.014068
1994.50 0.013931
1997.25 0.014342
2000.00 0.014431
2002.75 0.014295
2005.50 0.014271
2008.25 0.014731
2011.00 0.014664
2013.75 0.014560
2016.50 0.014474
2019.25 0.014772
2022.00 0.014383
2024.75 0.014504
2027.50 0.014630
2030.25 0.014839
2033.00 0.014571
2035.75 0.014661
2038.50 0.014644
2041.25 0.014556
2044.00 0.014709
2046.75 0.014705
2049.50 0.014766
2052.25 0.015170
2055.00 0.015222
2057.75 0.015171
2060.50 0.015598
2063.25 0.015609
2066.00 0.015533
2068.75 0.015632
2071.50 0.015678
2074.25 0.015844
2077.00 0.015717
2079.75 0.015773
2082.50 0.015981
2085.25 0.015571
2088.00 0.015637
2090.75 0.015477
2093.50 0.015256
2096.25 0.015370
2099.00 0.015423
2101.75 0.015183
2104.50 0.015380
2107.25 0.015418
2110.00 0.015288
2112.75 0.015330
2115.50 0.015054
2118.25 0.015206
2121.00 0.015291
2123.75 0.014765
2126.50 0.015234
2129.25 0.015154
2132.00 0.015322
2134.75 0.014942
2137.50 0.015147
2140.25 0.014975
2143.00 0.014949
2145.75 0.015364
2148.50 0.015126
2151.25 0.014880
2154.00 0.015179
2156.75 0.014862
2159.50 0.014941
2162.25 0.014870
2165.00 0.015198
2167.75 0.015151
2170.50 0.015263
2173.25 0.015067
2176.00 0.015308
2178.75 0.015264
2181.50 0.015383
2184.25 0.015196
2187.00 0.015185
2189.75 0.014973
2192.50 0.015959
2195.25 0.014957
2198.00 0.014923
2200.75 0.014809
2203.50 0.014686
2206.25 0.015250
2209.00 0.015100
2211.75 0.014865
2214.50 0.015240
2217.25 0.015208
2220.00 0.015390
2222.75 0.015303
2225.50 0.015109
2228.25 0.015141
2231.00 0.014722
2233.75 0.014890
2236.50 0.014724
2239.25 0.015187
2242.00 0.014912
2244.75 0.015103
2247.50 0.015007
2250.25 0.014988
2253.00 0.015236
2255.75 0.015121
2258.50 0.015223
2261.25 0.015240
2264.00 0.015276
2266.75 0.015354
2269.50 0.015525
2272.25 0.015209
2275.00 0.012741
2277.75 0.014896
2280.50 0.015765
2283.25 0.016039
2286.00 0.016301
2288.75 0.016338
2291.50 0.016176
2294.25 0.016332
2297.00 0.016558
2299.75 0.016942
2302.50 0.016663
2305.25 0.016966
2308.00 0.016855
2310.75 0.016872
2313.50 0.016836
2316.25 0.017073
2319.00 0.017132
2321.75 0.016973
2324.50 0.017503
2327.25 0.017726
2330.00 0.017639
2332.75 0.017153
2335.50 0.016840
2338.25 0.016886
2341.00 0.016980
2343.75 0.016715
2346.50 0.016864
2349.25 0.016847
2352.00 0.016840
2354.75 0.016873
2357.50 0.016771
2360.25 0.016893
2363.00 0.016772
2365.75 0.016954
2368.50 0.016673
2371.25 0.016992
2374.00 0.016849
2376.75 0.016778
2379.50 0.016855
2382.25 0.016765
2385.00 0.016676
2387.75 0.016897
2390.50 0.017023
2393.25 0.016839
2396.00 0.016498
2398.75 0.016913
2401.50 0.017172
2404.25 0.017032
2407.00 0.016938
2409.75 0.017145
2412.50 0.017236
2415.25 0.017282
2418.00 0.017421
2420.75 0.017800
2423.50 0.017867
2426.25 0.017516
2429.00 0.017262
2431.75 0.016983
2434.50 0.017053
2437.25 0.017107
2440.00 0.016986
2442.75 0.017160
2445.50 0.017007
2448.25 0.016843
2451.00 0.016965
2453.75 0.016903
2456.50 0.017076
2459.25 0.017123
2462.00 0.017201
2464.75 0.017246
2467.50 0.017339
2470.25 0.017260
2473.00 0.017293
2475.75 0.017210
2478.50 0.017324
2481.25 0.017191
2484.00 0.017153
2486.75 0.017230
2489.50 0.017373
2492.25 0.017109
2495.00 0.017260
2497.75 0.016954
2500.50 0.017047
2503.25 0.016942
2506.00 0.017269
2508.75 0.017151
2511.50 0.017263
2514.25 0.017135
2517.00 0.017119
2519.75 0.017062
2522.50 0.016877
2525.25 0.016800
2528.00 0.016761
2530.75 0.016928
2533.50 0.016869
2536.25 0.016898
2539.00 0.016766
2541.75 0.016464
2544.50 0.016477
2547.25 0.016713
2550.00 0.016559
2552.75 0.016257
2555.50 0.016395
2558.25 0.016759
2561.00 0.016596
2563.75 0.016363
2566.50 0.016695
2569.25 0.016583
2572.00 0.016213
2574.75 0.015985
2577.50 0.015870
2580.25 0.015996
2583.00 0.016193
2585.75 0.016235
2588.50 0.016043
2591.25 0.016172
2594.00 0.016054
2596.75 0.015929
2599.50 0.016008
2602.25 0.015544
2605.00 0.016181
2607.75 0.015929
2610.50 0.016471
2613.25 0.016271
2616.00 0.016315
2618.75 0.016000
2621.50 0.016094
2624.25 0.016193
2627.00 0.016153
2629.75 0.015839
2632.50 0.016194
2635.25 0.015546
2638.00 0.015416
2640.75 0.015441
2643.50 0.015144
2646.25 0.014994
2649.00 0.015149
2651.75 0.014893
2654.50 0.014974
2657.25 0.014980
2660.00 0.015098
2662.75 0.015077
2665.50 0.015288
2668.25 0.015563
2671.00 0.015431
2673.75 0.015460
2676.50 0.015298
2679.25 0.015097
2682.00 0.015274
2684.75 0.015123
2687.50 0.015443
2690.25 0.015370
2693.00 0.015465
2695.75 0.015689
2698.50 0.015534
2701.25 0.015474
2704.00 0.015475
2706.75 0.015685
2709.50 0.015491
2712.25 0.015954
2715.00 0.016170
2717.75 0.016189
2720.50 0.015882
2723.25 0.016407
2726.00 0.016409
2728.75 0.016388
2731.50 0.016611
2734.25 0.016664
2737.00 0.016464
2739.75 0.016795
2742.50 0.016607
2745.25 0.017142
2748.00 0.017569
2750.75 0.017591
2753.50 0.017931
2756.25 0.018011
2759.00 0.017903
2761.75 0.018526
2764.50 0.018474
2767.25 0.018045
2770.00 0.018765
2772.75 0.019187
2775.50 0.019724
2778.25 0.019934
2781.00 0.020896
2783.75 0.020968
2786.50 0.022182
2789.25 0.022785
2792.00 0.023660
2794.75 0.025104
2797.50 0.026295
2800.25 0.026288
2803.00 0.026169
2805.75 0.025703
2808.50 0.024031
2811.25 0.022810
2814.00 0.021374
2816.75 0.020470
2819.50 0.019563
2822.25 0.019037
2825.00 0.018586
2827.75 0.018658
2830.50 0.018199
2833.25 0.017811
2836.00 0.018065
2838.75 0.017955
2841.50 0.017463
2844.25 0.017198
2847.00 0.017082
2849.75 0.017628
2852.50 0.017264
2855.25 0.017296
2858.00 0.017508
2860.75 0.016939
2863.50 0.016578
2866.25 0.016851
2869.00 0.016165
2871.75 0.016445
2874.50 0.016076
2877.25 0.015749
2880.00 0.015738
2882.75 0.016024
2885.50 0.015253
2888.25 0.015771
2891.00 0.015425
2893.75 0.014609
2896.50 0.014620
2899.25 0.015252
2902.00 0.014859
2904.75 0.015435
2907.50 0.013783
2910.25 0.014366
2913.00 0.014972
2915.75 0.014232
2918.50 0.013761
2921.25 0.014890
2924.00 0.015048
2926.75 0.014775
2929.50 0.015730
2932.25 0.015252
2935.00 0.015505
2937.75 0.014839
2940.50 0.015169
2943.25 0.014798
2946.00 0.015414
2948.75 0.015695
2951.50 0.015815
2954.25 0.016101
2957.00 0.016363
2959.75 0.015676
2962.50 0.015876
2965.25 0.015818
2968.00 0.015937
2970.75 0.015532
2973.50 0.015100
2976.25 0.015322
2979.00 0.015056
2981.75 0.015061
2984.50 0.014862
2987.25 0.015211
2990.00 0.015310
2992.75 0.014211
2995.50 0.014271
2998.25 0.014499
3001.00 0.014047
3003.75 0.013803
3006.50 0.014234
3009.25 0.013243
3012.00 0.014047
3014.75 0.013777
3017.50 0.013635
3020.25 0.013924
3023.00 0.012687
3025.75 0.013495
3028.50 0.013963
3031.25 0.013536
3034.00 0.013116
3036.75 0.013644
3039.50 0.013632
3042.25 0.013865
3045.00 0.014200
3047.75 0.013459
3050.50 0.013336
3053.25 0.013920
3056.00 0.013124
3058.75 0.013319
3061.50 0.013838
3064.25 0.014535
3067.00 0.013169
3069.75 0.013703
3072.50 0.013873
3075.25 0.013543
3078.00 0.014028
3080.75 0.013898
3083.50 0.013824
3086.25 0.014077
3089.00 0.013612
3091.75 0.013419
3094.50 0.013774
3097.25 0.012980
3100.00 0.013268
3102.75 0.013534
3105.50 0.013388
3108.25 0.014609
3111.00 0.014733
3113.75 0.014644
3116.50 0.014243
3119.25 0.014926
3122.00 0.015076
3124.75 0.015168
3127.50 0.015584
3130.25 0.015759
3133.00 0.015307
3135.75 0.015907
3138.50 0.015195
3141.25 0.015284
3144.00 0.014935
3146.75 0.014663
3149.50 0.014523
3152.25 0.014412
3155.00 0.014421
3157.75 0.015015
3160.50 0.015208
3163.25 0.014647
3166.00 0.014726
3168.75 0.015140
3171.50 0.014817
3174.25 0.014715
3177.00 0.015136
3179.75 0.015683
3182.50 0.015065
3185.25 0.015954
3188.00 0.016088
3190.75 0.016693
3193.50 0.015841
3196.25 0.015828
3199.00 0.015290
3201.75 0.014611
3204.50 0.015244
3207.25 0.014978
3210.00 0.014661
3212.75 0.014771
3215.50 0.014764
3218.25 0.014031
3221.00 0.014793
3223.75 0.014984
3226.50 0.014399
3229.25 0.014367
3232.00 0.014615
3234.75 0.014013
3237.50 0.014494
3240.25 0.014469
3243.00 0.014488
3245.75 0.014930
3248.50 0.014867
3251.25 0.015589
3254.00 0.014638
3256.75 0.015992
3259.50 0.014454
3262.25 0.014989
3265.00 0.014105
3267.75 0.014403
3270.50 0.014139
3273.25 0.014171
3276.00 0.015181
3278.75 0.014962
3281.50 0.015522
3284.25 0.015217
3287.00 0.014415
3289.75 0.015709
3292.50 0.014536
3295.25 0.014863
3298.00 0.014521
3300.75 0.014501
3303.50 0.014128
3306.25 0.013664
3309.00 0.014214
3311.75 0.014787
3314.50 0.013450
3317.25 0.014363
3320.00 0.013976
3322.75 0.013905
3325.50 0.014242
3328.25 0.014578
3331.00 0.014607
3333.75 0.014690
3336.50 0.014574
3339.25 0.015407
3342.00 0.014657
3344.75 0.015780
3347.50 0.015504
3350.25 0.015267
3353.00 0.014377
3355.75 0.015628
3358.50 0.015224
3361.25 0.014986
3364.00 0.014504
3366.75 0.014751
3369.50 0.014516
3372.25 0.014761
3375.00 0.015087
3377.75 0.015453
3380.50 0.014856
3383.25 0.014565
3386.00 0.014883
3388.75 0.014716
3391.50 0.014090
3394.25 0.014904
3397.00 0.014918
3399.75 0.014205
3402.50 0.014873
3405.25 0.014214
3408.00 0.015001
3410.75 0.014831
3413.50 0.014915
3416.25 0.015200
3419.00 0.015052
3421.75 0.016413
3424.50 0.016663
3427.25 0.016451
3430.00 0.015141
3432.75 0.014918
3435.50 0.015129
3438.25 0.015057
3441.00 0.015494
3443.75 0.014564
3446.50 0.015256
3449.25 0.014560
3452.00 0.014145
3454.75 0.014346
3457.50 0.014929
3460.25 0.014970
3463.00 0.013580
3465.75 0.014813
3468.50 0.013551
3471.25 0.014125
3474.00 0.013776
3476.75 0.014514
3479.50 0.013801
3482.25 0.013476
3485.00 0.014254
3487.75 0.013876
3490.50 0.014955
3493.25 0.014727
3496.00 0.014346
3498.75 0.014401
3501.50 0.014528
3504.25 0.013983
3507.00 0.014323
3509.75 0.014377
3512.50 0.014409
3515.25 0.013817
3518.00 0.013256
3520.75 0.013655
3523.50 0.013503
3526.25 0.013149
3529.00 0.013904
3531.75 0.013389
3534.50 0.013436
3537.25 0.013527
3540.00 0.013151
3542.75 0.012867
3545.50 0.012863
3548.25 0.013660
3551.00 0.013154
3553.75 0.013285
3556.50 0.012981
3559.25 0.013806
3562.00 0.013368
3564.75 0.013454
3567.50 0.013594
3570.25 0.012907
3573.00 0.014126
3575.75 0.013424
3578.50 0.013641
3581.25 0.013492
3584.00 0.013147
3586.75 0.013433
3589.50 0.013198
3592.25 0.013262
3595.00 0.013588
3597.75 0.013898
3600.50 0.012992
3603.25 0.012750
3606.00 0.013897
3608.75 0.013494
3611.50 0.013110
3614.25 0.013125
3617.00 0.013039
3619.75 0.013717
3622.50 0.013961
3625.25 0.013058
3628.00 0.012784
3630.75 0.012918
3633.50 0.012303
3636.25 0.012711
3639.00 0.013278
3641.75 0.013009
3644.50 0.012848
3647.25 0.012583
3650.00 0.011997
3652.75 0.012101
3655.50 0.012421
3658.25 0.012548
3661.00 0.012507
3663.75 0.012733
3666.50 0.012487
3669.25 0.012407
3672.00 0.012966
3674.75 0.012460
3677.50 0.012638
3680.25 0.012214
3683.00 0.012036
3685.75 0.011993
3688.50 0.013213
3691.25 0.012258
3694.00 0.012665
3696.75 0.011945
3699.50 0.012569
3702.25 0.012549
3705.00 0.011927
3707.75 0.012465
3710.50 0.011912
3713.25 0.011976
3716.00 0.012260
3718.75 0.012651
3721.50 0.012689
3724.25 0.014602
3727.00 0.020010
3729.75 0.022609
3732.50 0.016674
3735.25 0.012166
3738.00 0.011423
3740.75 0.011270
3743.50 0.012114
3746.25 0.012031
3749.00 0.011850
3751.75 0.012506
3754.50 0.012094
3757.25 0.012312
3760.00 0.012286
3762.75 0.011832
3765.50 0.012474
3768.25 0.011901
3771.00 0.011608
3773.75 0.011838
3776.50 0.011127
3779.25 0.011130
3782.00 0.011258
3784.75 0.011731
3787.50 0.011855
3790.25 0.010974
3793.00 0.011082
3795.75 0.010553
3798.50 0.010666
3801.25 0.010687
3804.00 0.010306
3806.75 0.010265
3809.50 0.009752
3812.25 0.010758
3815.00 0.010925
3817.75 0.008879
3820.50 0.011851
3823.25 0.008123
3826.00 0.009597
3828.75 0.011344
3831.50 0.009400
3834.25 0.013123
3837.00 0.011817
3839.75 0.012215
3842.50 0.010475
3845.25 0.010493
3848.00 0.007831
3850.75 0.011564
3853.50 0.010715
3856.25 0.010186
3859.00 0.011617
3861.75 0.012592
3864.50 0.014993
3867.25 0.012870
3870.00 0.015438
3872.75 0.016496
3875.50 0.009120
3878.25 0.008567
3881.00 0.010823
3883.75 0.011800
3886.50 0.011757
3889.25 0.012014
3892.00 0.011026
3894.75 0.013794
3897.50 0.010216
3900.25 0.009529
3903.00 0.010527
3905.75 0.009556
3908.50 0.011989
3911.25 0.014839
3914.00 0.008943
3916.75 0.008947
3919.50 0.008746
3922.25 0.009906
3925.00 0.008878
3927.75 0.008841
3930.50 0.012930
3933.25 0.009824
3936.00 0.009256
3938.75 0.011239
3941.50 0.009692
3944.25 0.010983
3947.00 0.008791
3949.75 0.010429
3952.50 0.007835
3955.25 0.009573
3958.00 0.010950
3960.75 0.008922
3963.50 0.010041
3966.25 0.011830
3969.00 0.011810
3971.75 0.010420
3974.50 0.008091
3977.25 0.009142
3980.00 0.010075
3982.75 0.009546
3985.50 0.008803
3988.25 0.010945
3991.00 0.008011
3993.75 0.008575
3996.50 0.008836
3999.25 0.006833
4002.00 0.009230
4004.75 0.008725
4007.50 0.009262
4010.25 0.008209
4013.00 0.007699
4015.75 0.008925
4018.50 0.007418
4021.25 0.006233
4024.00 0.006677
4026.75 0.006928
4029.50 0.008010
4032.25 0.007234
4035.00 0.007548
4037.75 0.007286
4040.50 0.004505
4043.25 0.007382
4046.00 0.007413
4048.75 0.006968
4051.50 0.008156
4054.25 0.007803
4057.00 0.008137
4059.75 0.008975
4062.50 0.008592
4065.25 0.008293
4068.00 0.008943
4070.75 0.006874
4073.50 0.008296
4076.25 0.007741
4079.00 0.007581
4081.75 0.007681
4084.50 0.006925
4087.25 0.008680
4090.00 0.009380
4092.75 0.010593
4095.50 0.007261
4098.25 0.010056
4101.00 0.009895
4103.75 0.011523
4106.50 0.010070
4109.25 0.009641
4112.00 0.009427
4114.75 0.009535
4117.50 0.009248
4120.25 0.009130
4123.00 0.007678
4125.75 0.007414
4128.50 0.006720
4131.25 0.008839
4134.00 0.008139
4136.75 0.007995
4139.50 0.007436
4142.25 0.007723
4145.00 0.007936
4147.75 0.007022
4150.50 0.007676
4153.25 0.005864
4156.00 0.005310
4158.75 0.008702
4161.50 0.007098
4164.25 0.008338
4167.00 0.007717
4169.75 0.006632
4172.50 0.008101
4175.25 0.007803
4178.00 0.007981
4180.75 0.007223
4183.50 0.006275
4186.25 0.006959
4189.00 0.006367
4191.75 0.005729
4194.50 0.007502
4197.25 0.006985
4200.00 0.005114
4202.75 0.006382
4205.50 0.006101
4208.25 0.005885
4211.00 0.005992
4213.75 0.004984
4216.50 0.006787
4219.25 0.006113
4222.00 0.005543
4224.75 0.005070
4227.50 0.005742
4230.25 0.006206
4233.00 0.006682
4235.75 0.006703
4238.50 0.005860
4241.25 0.006186
4244.00 0.006107
4246.75 0.005215
4249.50 0.007554
4252.25 0.008043
4255.00 0.006788
4257.75 0.006156
4260.50 0.006784
4263.25 0.006286
4266.00 0.005426
4268.75 0.005226
4271.50 0.006560
4274.25 0.006726
4277.00 0.005746
4279.75 0.006008
4282.50 0.006595
4285.25 0.006147
4288.00 0.006214
4290.75 0.006179
4293.50 0.008318
4296.25 0.007045
4299.00 0.007397
4301.75 0.006142
4304.50 0.007930
4307.25 0.007242
4310.00 0.006047
4312.75 0.008212
4315.50 0.008542
4318.25 0.008869
4321.00 0.007062
4323.75 0.009312
4326.50 0.008258
4329.25 0.007701
4332.00 0.010042
4334.75 0.010581
4337.50 0.010801
4340.25 0.012797
4343.00 0.013226
4345.75 0.010606
4348.50 0.009435
4351.25 0.009418
4354.00 0.009782
4356.75 0.009984
4359.50 0.009803
4362.25 0.010670
4365.00 0.010203
4367.75 0.007923
4370.50 0.008089
4373.25 0.006857
4376.00 0.006056
4378.75 0.006145
4381.50 0.007440
4384.25 0.006888
4387.00 0.005899
4389.75 0.005394
4392.50 0.007979
4395.25 0.006170
4398.00 0.005944
4400.75 0.006920
4403.50 0.006318
4406.25 0.005216
4409.00 0.004431
4411.75 0.005663
4414.50 0.005205
4417.25 0.005483
4420.00 0.005648
4422.75 0.006748
4425.50 0.005867
4428.25 0.006553
4431.00 0.005757
4433.75 0.005915
4436.50 0.005031
4439.25 0.005174
4442.00 0.006461
4444.75 0.005809
4447.50 0.005400
4450.25 0.006361
4453.00 0.005860
4455.75 0.004406
4458.50 0.005291
4461.25 0.006212
4464.00 0.006290
4466.75 0.007124
4469.50 0.004201
4472.25 0.005511
4475.00 0.006309
4477.75 0.006423
4480.50 0.005532
4483.25 0.006157
4486.00 0.005050
4488.75 0.005998
4491.50 0.006351
4494.25 0.006282
4497.00 0.004550
4499.75 0.005789
4502.50 0.005627
4505.25 0.007198
4508.00 0.006954
4510.75 0.006305
4513.50 0.004926
4516.25 0.005651
4519.00 0.005542
4521.75 0.006881
4524.50 0.007010
4527.25 0.006705
4530.00 0.006648
4532.75 0.005581
4535.50 0.006199
4538.25 0.006715
4541.00 0.004293
4543.75 0.006513
4546.50 0.005551
4549.25 0.006087
4552.00 0.006747
4554.75 0.005087
4557.50 0.006880
4560.25 0.006556
4563.00 0.005278
4565.75 0.005543
4568.50 0.005237
4571.25 0.005585
4574.00 0.005375
4576.75 0.005453
4579.50 0.005924
4582.25 0.005926
4585.00 0.005240
4587.75 0.005667
4590.50 0.006066
4593.25 0.006112
4596.00 0.005875
4598.75 0.006191
4601.50 0.005468
4604.25 0.005478
4607.00 0.005222
4609.75 0.004762
4612.50 0.005162
4615.25 0.006403
4618.00 0.007417
4620.75 0.005072
4623.50 0.005588
4626.25 0.006703
4629.00 0.007104
4631.75 0.006908
4634.50 0.006193
4637.25 0.005155
4640.00 0.005782
4642.75 0.006705
4645.50 0.005844
4648.25 0.006126
4651.00 0.006381
4653.75 0.006794
4656.50 0.005177
4659.25 0.005122
4662.00 0.004675
4664.75 0.005671
4667.50 0.005203
4670.25 0.005762
4673.00 0.005633
4675.75 0.006525
4678.50 0.007089
4681.25 0.004967
4684.00 0.005435
4686.75 0.005786
4689.50 0.005653
4692.25 0.005573
4695.00 0.005287
4697.75 0.005114
4700.50 0.005216
4703.25 0.004538
4706.00 0.005482
4708.75 0.005303
4711.50 0.005617
4714.25 0.005905
4717.00 0.005476
4719.75 0.005144
4722.50 0.005241
4725.25 0.005209
4728.00 0.004521
4730.75 0.004015
4733.50 0.005293
4736.25 0.004920
4739.00 0.005338
4741.75 0.004888
4744.50 0.005055
4747.25 0.005438
4750.00 0.005025
4752.75 0.004340
4755.50 0.004381
4758.25 0.004528
4761.00 0.004499
4763.75 0.004994
4766.50 0.004373
4769.25 0.004028
4772.00 0.004548
4774.75 0.005578
4777.50 0.004968
4780.25 0.005752
4783.00 0.004609
4785.75 0.005997
4788.50 0.004679
4791.25 0.005374
4794.00 0.005497
4796.75 0.005236
4799.50 0.005389
4802.25 0.005109
4805.00 0.005267
4807.75 0.004610
4810.50 0.005668
4813.25 0.005179
4816.00 0.005428
4818.75 0.006312
4821.50 0.006442
4824.25 0.007004
4827.00 0.007241
4829.75 0.006654
4832.50 0.007431
4835.25 0.007261
4838.00 0.008977
4840.75 0.008682
4843.50 0.009893
4846.25 0.009596
4849.00 0.010791
4851.75 0.011271
4854.50 0.013096
4857.25 0.014778
4860.00 0.016789
4862.75 0.020900
4865.50 0.018584
4868.25 0.015314
4871.00 0.013235
4873.75 0.011924
4876.50 0.011761
4879.25 0.009759
4882.00 0.010055
4884.75 0.008619
4887.50 0.009420
4890.25 0.009570
4893.00 0.007876
4895.75 0.006831
4898.50 0.006022
4901.25 0.006700
4904.00 0.005868
4906.75 0.005485
4909.50 0.004834
4912.25 0.005066
4915.00 0.006297
4917.75 0.005625
4920.50 0.006789
4923.25 0.005489
4926.00 0.005468
4928.75 0.005031
4931.50 0.005100
4934.25 0.005552
4937.00 0.005332
4939.75 0.004565
4942.50 0.005407
4945.25 0.005331
4948.00 0.004593
4950.75 0.004818
4953.50 0.006852
4956.25 0.008550
4959.00 0.010795
4961.75 0.010718
4964.50 0.005547
4967.25 0.003817
4970.00 0.004395
4972.75 0.003918
4975.50 0.004430
4978.25 0.004164
4981.00 0.003799
4983.75 0.003066
4986.50 0.003868
4989.25 0.003699
4992.00 0.004077
4994.75 0.005262
4997.50 0.006959
5000.25 0.008976
5003.00 0.011668
5005.75 0.020725
5008.50 0.027712
5011.25 0.017999
5014.00 0.006859
5016.75 0.005678
5019.50 0.005230
5022.25 0.004401
5025.00 0.005004
5027.75 0.003915
5030.50 0.003706
5033.25 0.003341
5036.00 0.004055
5038.75 0.003895
5041.50 0.003258
5044.25 0.003685
5047.00 0.003585
5049.75 0.003048
5052.50 0.003153
5055.25 0.002775
5058.00 0.002877
5060.75 0.002990
5063.50 0.002923
5066.25 0.002243
5069.00 0.002875
5071.75 0.002693
5074.50 0.002537
5077.25 0.002594
5080.00 0.002944
5082.75 0.002532
5085.50 0.002318
5088.25 0.002722
5091.00 0.001845
5093.75 0.003156
5096.50 0.002727
5099.25 0.002877
5102.00 0.001975
5104.75 0.002462
5107.50 0.001884
5110.25 0.002282
5113.00 0.002893
5115.75 0.002740
5118.50 0.002320
5121.25 0.002461
5124.00 0.002525
5126.75 0.001860
5129.50 0.002103
5132.25 0.002066
5135.00 0.001066
5137.75 0.001938
5140.50 0.002897
5143.25 0.002645
5146.00 0.002047
5148.75 0.001969
5151.50 0.002198
5154.25 0.003343
5157.00 0.003306
5159.75 0.002786
5162.50 0.003003
5165.25 0.002652
5168.00 0.002549
5170.75 0.004064
5173.50 0.003866
5176.25 0.002732
5179.00 0.001829
5181.75 0.002069
5184.50 0.002008
5187.25 0.002504
5190.00 0.003364
5192.75 0.003695
5195.50 0.002306
5198.25 0.002233
5201.00 0.002113
5203.75 0.002008
5206.50 0.002611
5209.25 0.002090
5212.00 0.001277
5214.75 0.001971
5217.50 0.002034
5220.25 0.002131
5223.00 0.000816
5225.75 0.002220
5228.50 0.001832
5231.25 0.001448
5234.00 0.001801
5236.75 0.001599
5239.50 0.001928
5242.25 0.002100
5245.00 0.001822
5247.75 0.001977
5250.50 0.001559
5253.25 0.001754
5256.00 0.002125
5258.75 0.001198
5261.50 0.001179
5264.25 0.001994
5267.00 0.002058
5269.75 0.002634
5272.50 0.002122
5275.25 0.001559
5278.00 0.001353
5280.75 0.002576
5283.50 0.002072
5286.25 0.002063
5289.00 0.001989
5291.75 0.001779
5294.50 0.001208
5297.25 0.001143
5300.00 0.000994
5302.75 0.000863
5305.50 0.001914
5308.25 0.000830
5311.00 0.001670
5313.75 0.002092
5316.50 0.001779
5319.25 0.001603
5322.00 0.002482
5324.75 0.001783
5327.50 0.001797
5330.25 0.001521
5333.00 0.001942
5335.75 0.001398
5338.50 0.001423
5341.25 0.001285
5344.00 0.000914
5346.75 0.001241
5349.50 0.001242
5352.25 0.001151
5355.00 0.001065
5357.75 0.000040
5360.50 0.000973
5363.25 0.000971
5366.00 0.001278
5368.75 0.001346
5371.50 0.001076
5374.25 0.001298
5377.00 0.001016
5379.75 0.002082
5382.50 0.000892
5385.25 0.001370
5388.00 0.001382
5390.75 0.000600
5393.50 0.000259
5396.25 0.000559
5399.00 0.000808
5401.75 0.000213
5404.50 0.001236
5407.25 0.000909
5410.00 0.000822
5412.75 0.000959
5415.50 0.000587
5418.25 0.000414
5421.00 0.000640
5423.75 0.001236
5426.50 0.000630
5429.25 0.000694
5432.00 0.000296
5434.75 0.000589
5437.50 0.000642
5440.25 0.001271
5443.00 0.000111
5445.75 0.000688
5448.50 0.001052
5451.25 0.001101
5454.00 0.000490
5456.75 0.000988
5459.50 0.000996
5462.25 0.001104
5465.00 -0.000143
5467.75 0.000044
5470.50 -0.000549
5473.25 0.000225
5476.00 0.000639
5478.75 0.000209
5481.50 0.000855
5484.25 0.000638
5487.00 0.000324
5489.75 0.000103
5492.50 0.000083
5495.25 0.000266
5498.00 0.000604
5500.75 -0.000019
5503.50 0.000035
5506.25 -0.000103
5509.00 0.000787
5511.75 0.000234
5514.50 -0.000034
5517.25 0.000714
5520.00 -0.000235
5522.75 0.000392
5525.50 0.000690
5528.25 0.001012
5531.00 0.000599
5533.75 0.000202
5536.50 0.000586
5539.25 0.000214
5542.00 -0.000106
5544.75 -0.000053
5547.50 -0.000058
5550.25 -0.000593
5553.00 0.000282
5555.75 -0.000060
5558.50 -0.000786
5561.25 -0.000576
5564.00 -0.000670
5566.75 -0.000583
5569.50 -0.000825
5572.25 -0.001738
5575.00 -0.001506
5577.75 -0.002095
5580.50 -0.002287
5583.25 -0.001956
5586.00 -0.001523
5588.75 0.000346
5591.50 -0.000283
5594.25 -0.000868
5597.00 -0.001100
5599.75 -0.000537
5602.50 -0.000711
5605.25 -0.001424
5608.00 -0.001616
5610.75 -0.001742
5613.50 -0.001395
5616.25 -0.001689
5619.00 -0.001331
5621.75 -0.000489
5624.50 -0.000925
5627.25 -0.001411
5630.00 -0.001862
5632.75 -0.000923
5635.50 -0.002215
5638.25 -0.001677
5641.00 -0.001590
5643.75 -0.001566
5646.50 -0.001239
5649.25 -0.000648
5652.00 -0.002001
5654.75 -0.001993
5657.50 -0.001298
5660.25 -0.002492
5663.00 -0.002013
5665.75 -0.000958
5668.50 -0.001596
5671.25 -0.000998
5674.00 -0.001632
5676.75 -0.002213
5679.50 -0.001524
5682.25 -0.002190
5685.00 -0.001691
5687.75 -0.001544
5690.50 -0.001183
5693.25 -0.001647
5696.00 -0.001581
5698.75 -0.001493
5701.50 -0.001391
5704.25 -0.001482
5707.00 -0.001471
5709.75 -0.001902
5712.50 -0.002429
5715.25 -0.002730
5718.00 -0.002337
5720.75 -0.002634
5723.50 -0.002506
5726.25 -0.002183
5729.00 -0.002065
5731.75 -0.002173
5734.50 -0.002213
5737.25 -0.001988
5740.00 -0.001865
5742.75 -0.001392
5745.50 -0.001598
5748.25 -0.001848
5751.00 -0.001770
5753.75 -0.002281
5756.50 -0.002078
5759.25 -0.002999
5762.00 -0.002726
5764.75 -0.001883
5767.50 -0.002840
5770.25 -0.002776
5773.00 -0.003181
5775.75 -0.002358
5778.50 -0.002820
5781.25 -0.002219
5784.00 -0.002748
5786.75 -0.002440
5789.50 -0.002872
5792.25 -0.002338
5795.00 -0.003195
5797.75 -0.002204
5800.50 -0.001620
5803.25 -0.001797
5806.00 -0.002412
5808.75 -0.001956
5811.50 -0.002316
5814.25 -0.002310
5817.00 -0.002351
5819.75 -0.003021
5822.50 -0.002609
5825.25 -0.002474
5828.00 -0.003152
5830.75 -0.004029
5833.50 -0.002988
5836.25 -0.002655
5839.00 -0.002543
5841.75 -0.001941
5844.50 -0.001816
5847.25 -0.002456
5850.00 -0.001760
5852.75 -0.002139
5855.50 -0.001862
5858.25 -0.001607
5861.00 -0.003061
5863.75 -0.001693
5866.50 -0.001190
5869.25 -0.001474
5872.00 -0.000354
5874.75 -0.001283
5877.50 -0.001150
5880.25 -0.001256
5883.00 -0.000829
5885.75 -0.001544
5888.50 -0.001362
5891.25 -0.000911
5894.00 -0.001296
5896.75 -0.001304
5899.50 -0.001731
5902.25 -0.002136
5905.00 -0.002474
5907.75 -0.002283
5910.50 -0.002400
5913.25 -0.001633
5916.00 -0.002665
5918.75 -0.001235
5921.50 -0.002136
5924.25 -0.001823
5927.00 -0.001708
5929.75 -0.002163
5932.50 -0.001810
5935.25 -0.001848
5938.00 -0.002611
5940.75 -0.002921
5943.50 -0.002604
5946.25 -0.002222
5949.00 -0.002150
5951.75 -0.002435
5954.50 -0.002176
5957.25 -0.002168
5960.00 -0.003008
5962.75 -0.002779
5965.50 -0.002471
5968.25 -0.002429
5971.00 -0.002615
5973.75 -0.001974
5976.50 -0.002274
5979.25 -0.002706
5982.00 -0.003114
5984.75 -0.003215
5987.50 -0.002798
5990.25 -0.002242
5993.00 -0.002824
5995.75 -0.002492
5998.50 -0.002729
6001.25 -0.002690
6004.00 -0.003013
6006.75 -0.002688
6009.50 -0.002857
6012.25 -0.002811
6015.00 -0.003824
6017.75 -0.002909
6020.50 -0.002531
6023.25 -0.002780
6026.00 -0.002999
6028.75 -0.003280
6031.50 -0.002360
6034.25 -0.002719
6037.00 -0.001919
6039.75 -0.003200
6042.50 -0.002543
6045.25 -0.002976
6048.00 -0.003087
6050.75 -0.002994
6053.50 -0.002501
6056.25 -0.004040
6059.00 -0.002995
6061.75 -0.002986
6064.50 -0.002133
6067.25 -0.003085
6070.00 -0.003841
6072.75 -0.003199
6075.50 -0.003019
6078.25 -0.002363
6081.00 -0.002739
6083.75 -0.003465
6086.50 -0.002790
6089.25 -0.002732
6092.00 -0.002973
6094.75 -0.002703
6097.50 -0.002553
6100.25 -0.003247
6103.00 -0.003126
6105.75 -0.002865
6108.50 -0.003323
6111.25 -0.002649
6114.00 -0.003340
6116.75 -0.002977
6119.50 -0.003111
6122.25 -0.003333
6125.00 -0.003299
6127.75 -0.003381
6130.50 -0.003447
6133.25 -0.003960
6136.00 -0.003192
6138.75 -0.003333
6141.50 -0.002891
6144.25 -0.003164
6147.00 -0.003340
6149.75 -0.002814
6152.50 -0.003423
6155.25 -0.003461
6158.00 -0.003272
6160.75 -0.003122
6163.50 -0.003713
6166.25 -0.003045
6169.00 -0.003542
6171.75 -0.003748
6174.50 -0.003359
6177.25 -0.003798
6180.00 -0.004250
6182.75 -0.004077
6185.50 -0.003552
6188.25 -0.003867
6191.00 -0.004139
6193.75 -0.004123
6196.50 -0.004377
6199.25 -0.003489
6202.00 -0.003148
6204.75 -0.004285
6207.50 -0.003388
6210.25 -0.004043
6213.00 -0.003820
6215.75 -0.003687
6218.50 -0.004026
6221.25 -0.004040
6224.00 -0.003737
6226.75 -0.002942
6229.50 -0.003425
6232.25 -0.003478
6235.00 -0.003348
6237.75 -0.003337
6240.50 -0.003305
6243.25 -0.003290
6246.00 -0.003379
6248.75 -0.003372
6251.50 -0.003713
6254.25 -0.003572
6257.00 -0.003207
6259.75 -0.003280
6262.50 -0.003147
6265.25 -0.004210
6268.00 -0.003282
6270.75 -0.003540
6273.50 -0.003539
6276.25 -0.004293
6279.00 -0.003926
6281.75 -0.003648
6284.50 -0.003159
6287.25 -0.003558
6290.00 -0.004032
6292.75 -0.003634
6295.50 -0.003294
6298.25 -0.003850
6301.00 -0.003519
6303.75 -0.003490
6306.50 -0.002930
6309.25 -0.003342
6312.00 -0.003245
6314.75 -0.003377
6317.50 -0.003141
6320.25 -0.003466
6323.00 -0.003582
6325.75 -0.004062
6328.50 -0.004240
6331.25 -0.003240
6334.00 -0.003334
6336.75 -0.003491
6339.50 -0.003210
6342.25 -0.003439
6345.00 -0.003630
6347.75 -0.003387
6350.50 -0.003853
6353.25 -0.003899
6356.00 -0.003419
6358.75 -0.003419
6361.50 -0.003203
6364.25 -0.003216
6367.00 -0.003431
6369.75 -0.003758
6372.50 -0.003699
6375.25 -0.003641
6378.00 -0.004017
6380.75 -0.003846
6383.50 -0.004087
6386.25 -0.004055
6389.00 -0.003821
6391.75 -0.003508
6394.50 -0.003528
6397.25 -0.004079
6400.00 -0.003680
6402.75 -0.003625
6405.50 -0.003925
6408.25 -0.003868
6411.00 -0.003750
6413.75 -0.003628
6416.50 -0.003902
6419.25 -0.004082
6422.00 -0.003727
6424.75 -0.003876
6427.50 -0.004189
6430.25 -0.003622
6433.00 -0.004551
6435.75 -0.003846
6438.50 -0.003915
6441.25 -0.003873
6444.00 -0.004014
6446.75 -0.004248
6449.50 -0.004233
6452.25 -0.004003
6455.00 -0.004026
6457.75 -0.004062
6460.50 -0.003959
6463.25 -0.004218
6466.00 -0.004332
6468.75 -0.003944
6471.50 -0.004296
6474.25 -0.003676
6477.00 -0.003909
6479.75 -0.003848
6482.50 -0.004729
6485.25 -0.003975
6488.00 -0.004361
6490.75 -0.005040
6493.50 -0.004760
6496.25 -0.003680
6499.00 -0.003791
6501.75 -0.003902
6504.50 -0.003939
6507.25 -0.003721
6510.00 -0.003810
6512.75 -0.003495
6515.50 -0.003457
6518.25 -0.002900
6521.00 -0.003114
6523.75 -0.002699
6526.50 -0.002321
6529.25 -0.001842
6532.00 -0.001253
6534.75 -0.000393
6537.50 0.000146
6540.25 0.000683
6543.00 0.001957
6545.75 0.003417
6548.50 0.004362
6551.25 0.007038
6554.00 0.008191
6556.75 0.010307
6559.50 0.013797
6562.25 0.019487
6565.00 0.025590
6567.75 0.022668
6570.50 0.016150
6573.25 0.012169
6576.00 0.009745
6578.75 0.008262
6581.50 0.007100
6584.25 0.007516
6587.00 0.007852
6589.75 0.004218
6592.50 0.002328
6595.25 0.001140
6598.00 -0.000290
6600.75 -0.000675
6603.50 -0.001740
6606.25 -0.002070
6609.00 -0.002294
6611.75 -0.002739
6614.50 -0.003192
6617.25 -0.003121
6620.00 -0.004190
6622.75 -0.004735
6625.50 -0.004668
6628.25 -0.005247
6631.00 -0.005341
6633.75 -0.005603
6636.50 -0.005435
6639.25 -0.005088
6642.00 -0.004993
6644.75 -0.004995
6647.50 -0.005142
6650.25 -0.005809
6653.00 -0.005331
6655.75 -0.005455
6658.50 -0.005420
6661.25 -0.005523
6664.00 -0.005596
6666.75 -0.005592
6669.50 -0.005570
6672.25 -0.006158
6675.00 -0.005790
6677.75 -0.005614
6680.50 -0.005598
6683.25 -0.005368
6686.00 -0.005665
6688.75 -0.005579
6691.50 -0.006060
6694.25 -0.006682
6697.00 -0.006274
6699.75 -0.006298
6702.50 -0.005591
6705.25 -0.005995
6708.00 -0.006396
6710.75 -0.005998
6713.50 -0.006139
6716.25 -0.005512
6719.00 -0.005298
6721.75 -0.005149
6724.50 -0.005300
6727.25 -0.005393
6730.00 -0.005939
6732.75 -0.005571
6735.50 -0.005942
6738.25 -0.005932
6741.00 -0.006361
6743.75 -0.006311
6746.50 -0.006149
6749.25 -0.006525
6752.00 -0.007239
6754.75 -0.006384
6757.50 -0.006399
6760.25 -0.006262
6763.00 -0.006331
6765.75 -0.006224
6768.50 -0.006250
6771.25 -0.006257
6774.00 -0.005940
6776.75 -0.006565
6779.50 -0.006969
6782.25 -0.006624
6785.00 -0.006404
6787.75 -0.006682
6790.50 -0.006698
6793.25 -0.006123
6796.00 -0.006373
6798.75 -0.006519
6801.50 -0.006101
6804.25 -0.006374
6807.00 -0.006488
6809.75 -0.006906
6812.50 -0.006823
6815.25 -0.006303
6818.00 -0.007085
6820.75 -0.006738
6823.50 -0.006822
6826.25 -0.006535
6829.00 -0.007263
6831.75 -0.007081
6834.50 -0.006872
6837.25 -0.006974
6840.00 -0.007064
6842.75 -0.007100
6845.50 -0.006455
6848.25 -0.007211
6851.00 -0.007057
6853.75 -0.006837
6856.50 -0.006918
6859.25 -0.006998
6862.00 -0.007131
6864.75 -0.006515
6867.50 -0.006729
6870.25 -0.007709
6873.00 -0.007478
6875.75 -0.007081
6878.50 -0.007411
6881.25 -0.007513
6884.00 -0.007238
6886.75 -0.007416
6889.50 -0.007143
6892.25 -0.006985
6895.00 -0.007349
6897.75 -0.007019
6900.50 -0.007565
6903.25 -0.007329
6906.00 -0.007479
6908.75 -0.007276
6911.50 -0.007680
6914.25 -0.007324
6917.00 -0.007473
6919.75 -0.007102
6922.50 -0.007252
6925.25 -0.007465
6928.00 -0.007381
6930.75 -0.007455
6933.50 -0.007512
6936.25 -0.007611
6939.00 -0.007893
6941.75 -0.007547
6944.50 -0.008011
6947.25 -0.007664
6950.00 -0.007378
6952.75 -0.007330
6955.50 -0.007583
6958.25 -0.007412
6961.00 -0.007688
6963.75 -0.007810
6966.50 -0.007746
6969.25 -0.007578
6972.00 -0.007686
6974.75 -0.007853
6977.50 -0.007720
6980.25 -0.007381
6983.00 -0.007778
6985.75 -0.008234
6988.50 -0.008273
6991.25 -0.007932
6994.00 -0.008190
6996.75 -0.008084
6999.50 -0.008200
7002.25 -0.007965
7005.00 -0.008730
7007.75 -0.008146
7010.50 -0.007562
7013.25 -0.007626
7016.00 -0.007822
7018.75 -0.007947
7021.50 -0.008132
7024.25 -0.008194
7027.00 -0.008541
7029.75 -0.008432
7032.50 -0.008427
7035.25 -0.008356
7038.00 -0.008971
7040.75 -0.008655
7043.50 -0.009321
7046.25 -0.009386
7049.00 -0.009282
7051.75 -0.008971
7054.50 -0.008806
7057.25 -0.008648
7060.00 -0.009469
7062.75 -0.008774
7065.50 -0.009084
7068.25 -0.009342
7071.00 -0.008823
7073.75 -0.008992
7076.50 -0.009054
7079.25 -0.009071
7082.00 -0.008758
7084.75 -0.008630
7087.50 -0.008619
7090.25 -0.008255
7093.00 -0.008790
7095.75 -0.008731
7098.50 -0.009072
7101.25 -0.008403
7104.00 -0.008965
7106.75 -0.008934
7109.50 -0.009071
7112.25 -0.008965
7115.00 -0.008596
7117.75 -0.008945
7120.50 -0.008727
7123.25 -0.008742
7126.00 -0.008592
7128.75 -0.008844
7131.50 -0.009085
7134.25 -0.008892
7137.00 -0.009108
7139.75 -0.008921
7142.50 -0.008927
7145.25 -0.009112
7148.00 -0.009368
7150.75 -0.008814
7153.50 -0.009278
7156.25 -0.009481
7159.00 -0.009680
7161.75 -0.009312
7164.50 -0.009642
7167.25 -0.009730
7170.00 -0.009538
7172.75 -0.009713
7175.50 -0.010015
7178.25 -0.009508
7181.00 -0.009895
7183.75 -0.009459
7186.50 -0.009782
7189.25 -0.009840
7192.00 -0.010053
7194.75 -0.010011
7197.50 -0.010098
7200.25 -0.010208
7203.00 -0.009247
7205.75 -0.010173
7208.50 -0.009436
7211.25 -0.010359
7214.00 -0.009820
7216.75 -0.009826
7219.50 -0.009868
7222.25 -0.009798
7225.00 -0.010114
7227.75 -0.010300
7230.50 -0.009845
7233.25 -0.009498
7236.00 -0.009914
7238.75 -0.009565
7241.50 -0.009677
7244.25 -0.009944
7247.00 -0.009774
7249.75 -0.010054
7252.50 -0.010065
7255.25 -0.009716
7258.00 -0.009913
7260.75 -0.010077
7263.50 -0.010325
7266.25 -0.010001
7269.00 -0.010084
7271.75 -0.009730
7274.50 -0.009753
7277.25 -0.009447
7280.00 -0.009606
7282.75 -0.009623
7285.50 -0.009670
7288.25 -0.009615
7291.00 -0.009912
7293.75 -0.010156
7296.50 -0.009909
7299.25 -0.009889
7302.00 -0.009835
7304.75 -0.009656
7307.50 -0.009945
7310.25 -0.009962
7313.00 -0.010211
7315.75 -0.010218
7318.50 -0.010365
7321.25 -0.010341
7324.00 -0.010318
7326.75 -0.009942
7329.50 -0.009975
7332.25 -0.010151
7335.00 -0.010088
7337.75 -0.010213
7340.50 -0.010384
7343.25 -0.010216
7346.00 -0.010323
7348.75 -0.010113
7351.50 -0.010327
7354.25 -0.010061
7357.00 -0.010080
7359.75 -0.009895
7362.50 -0.010128
7365.25 -0.010071
7368.00 -0.009912
7370.75 -0.010193
7373.50 -0.010289
7376.25 -0.010792
7379.00 -0.009955
7381.75 -0.010319
7384.50 -0.010567
7387.25 -0.009845
7390.00 -0.010437
7392.75 -0.010360
7395.50 -0.010101
7398.25 -0.010339
7401.00 -0.010407
7403.75 -0.010150
7406.50 -0.010488
7409.25 -0.010564
7412.00 -0.010548
7414.75 -0.010242
7417.50 -0.010102
7420.25 -0.009802
7423.00 -0.009726
7425.75 -0.010147
7428.50 -0.009890
7431.25 -0.009973
7434.00 -0.010155
7436.75 -0.010177
7439.50 -0.010311
7442.25 -0.010295
7445.00 -0.010649
7447.75 -0.010201
7450.50 -0.010486
7453.25 -0.010439
7456.00 -0.010608
7458.75 -0.010600
7461.50 -0.010313
7464.25 -0.010170
7467.00 -0.009690
7469.75 -0.010160
7472.50 -0.010189
7475.25 -0.010427
7478.00 -0.010499
7480.75 -0.010158
7483.50 -0.010459
7486.25 -0.010537
7489.00 -0.010394
7491.75 -0.010175
7494.50 -0.009992
7497.25 -0.010613
7500.00 -0.010138
7502.75 -0.009957
7505.50 -0.010218
7508.25 -0.010341
7511.00 -0.010223
7513.75 -0.009393
7516.50 -0.009793
7519.25 -0.010528
7522.00 -0.010533
7524.75 -0.010115
7527.50 -0.009763
7530.25 -0.010031
7533.00 -0.009906
7535.75 -0.009804
7538.50 -0.009378
7541.25 -0.009772
7544.00 -0.010083
7546.75 -0.009795
7549.50 -0.009479
7552.25 -0.010230
7555.00 -0.009569
7557.75 -0.009748
7560.50 -0.009344
7563.25 -0.009898
7566.00 -0.009768
7568.75 -0.009821
7571.50 -0.009667
7574.25 -0.009479
7577.00 -0.009742
7579.75 -0.009870
7582.50 -0.009727
7585.25 -0.009839
7588.00 -0.009814
7590.75 -0.009641
7593.50 -0.009623
7596.25 -0.009732
7599.00 -0.009428
7601.75 -0.009447
7604.50 -0.009190
7607.25 -0.009770
7610.00 -0.010226
7612.75 -0.009617
7615.50 -0.008949
7618.25 -0.009097
7621.00 -0.009685
7623.75 -0.010373
7626.50 -0.009491
7629.25 -0.009290
7632.00 -0.009291
7634.75 -0.009586
7637.50 -0.009756
7640.25 -0.009754
7643.00 -0.009343
7645.75 -0.009790
7648.50 -0.009394
7651.25 -0.009730
7654.00 -0.009611
7656.75 -0.009436
7659.50 -0.009718
7662.25 -0.009630
7665.00 -0.009592
7667.75 -0.008829
7670.50 -0.009286
7673.25 -0.009709
7676.00 -0.009780
7678.75 -0.009500
7681.50 -0.009611
7684.25 -0.009898
7687.00 -0.009879
7689.75 -0.009202
7692.50 -0.009614
7695.25 -0.010459
7698.00 -0.009965
7700.75 -0.009449
7703.50 -0.009895
7706.25 -0.009784
7709.00 -0.010319
7711.75 -0.010042
7714.50 -0.009907
7717.25 -0.010017
7720.00 -0.009812
7722.75 -0.010479
7725.50 -0.009699
7728.25 -0.009563
7731.00 -0.009583
7733.75 -0.009541
7736.50 -0.009683
7739.25 -0.009432
7742.00 -0.009497
7744.75 -0.009404
7747.50 -0.009241
7750.25 -0.009322
7753.00 -0.009372
7755.75 -0.009464
7758.50 -0.009328
7761.25 -0.009398
7764.00 -0.009131
7766.75 -0.010489
7769.50 -0.010081
7772.25 -0.009713
7775.00 -0.009983
7777.75 -0.010185
7780.50 -0.010309
7783.25 -0.009834
7786.00 -0.010357
7788.75 -0.010567
7791.50 -0.010509
7794.25 -0.010802
7797.00 -0.010446
7799.75 -0.010776
7802.50 -0.011050
7805.25 -0.011717
7808.00 -0.012383
7810.75 -0.011736
7813.50 -0.012562
7816.25 -0.011938
7819.00 -0.012597
7821.75 -0.011717
7824.50 -0.012484
7827.25 -0.012431
7830.00 -0.011658
7832.75 -0.012362
7835.50 -0.011904
7838.25 -0.012104
7841.00 -0.011516
7843.75 -0.011891
7846.50 -0.011845
7849.25 -0.011710
7852.00 -0.011971
7854.75 -0.011532
7857.50 -0.011924
7860.25 -0.011617
7863.00 -0.012247
7865.75 -0.012822
7868.50 -0.012629
7871.25 -0.012569
7874.00 -0.012176
7876.75 -0.011550
7879.50 -0.011489
7882.25 -0.011339
7885.00 -0.012263
7887.75 -0.011052
7890.50 -0.010886
7893.25 -0.011608
7896.00 -0.011062
7898.75 -0.010607
7901.50 -0.011105
7904.25 -0.010790
7907.00 -0.011399
7909.75 -0.011788
7912.50 -0.011427
7915.25 -0.010948
7918.00 -0.012246
7920.75 -0.011307
7923.50 -0.010696
7926.25 -0.011130
7929.00 -0.010859
7931.75 -0.010217
7934.50 -0.010591
7937.25 -0.011089
7940.00 -0.010153
7942.75 -0.010982
7945.50 -0.010624
7948.25 -0.011078
7951.00 -0.010577
7953.75 -0.010369
7956.50 -0.010615
7959.25 -0.010282
7962.00 -0.010456
7964.75 -0.010531
7967.50 -0.010508
7970.25 -0.010496
7973.00 -0.009902
7975.75 -0.010483
7978.50 -0.010191
7981.25 -0.010191
7984.00 -0.010827
7986.75 -0.011109
7989.50 -0.009882
7992.25 -0.010143
7995.00 -0.009828
7997.75 -0.010724
