900.00 0.031147
902.75 0.020239
905.50 0.022893
908.25 0.022786
911.00 0.005808
913.75 0.014418
916.50 0.017432
919.25 0.033923
922.00 0.020589
924.75 0.029603
927.50 0.014007
930.25 0.017390
933.00 0.015745
935.75 0.006961
938.50 -0.006407
941.25 0.028648
944.00 -0.011567
946.75 0.001374
949.50 0.006216
952.25 0.003974
955.00 0.008868
957.75 0.023078
960.50 0.040457
963.25 0.031860
966.00 -0.000486
968.75 -0.009129
971.50 -0.022846
974.25 -0.022418
977.00 0.002258
979.75 -0.020866
982.50 -0.032372
985.25 0.002973
988.00 -0.028455
990.75 0.004529
993.50 0.008555
996.25 0.017503
999.00 0.024695
1001.75 0.018709
1004.50 0.022763
1007.25 0.043722
1010.00 0.034283
1012.75 0.027288
1015.50 0.020413
1018.25 0.031144
1021.00 0.039913
1023.75 0.002824
1026.50 -0.061222
1029.25 -0.100747
1032.00 -0.143328
1034.75 -0.156179
1037.50 -0.157349
1040.25 -0.077481
1043.00 -0.039315
1045.75 -0.022507
1048.50 -0.017168
1051.25 -0.018342
1054.00 -0.015112
1056.75 -0.029536
1059.50 -0.026424
1062.25 -0.027592
1065.00 0.004122
1067.75 -0.025962
1070.50 -0.018172
1073.25 -0.022194
1076.00 -0.020085
1078.75 -0.010875
1081.50 -0.006728
1084.25 -0.018374
1087.00 -0.010164
1089.75 -0.007503
1092.50 -0.002724
1095.25 -0.008641
1098.00 -0.008598
1100.75 -0.006460
1103.50 0.002642
1106.25 0.009845
1109.00 -0.002655
1111.75 -0.001647
1114.50 0.022775
1117.25 0.000136
1120.00 -0.009095
1122.75 0.005178
1125.50 0.004221
1128.25 0.000804
1131.00 0.015341
1133.75 0.000321
1136.50 -0.010282
1139.25 0.018202
1142.00 0.007832
1144.75 0.002483
1147.50 0.002905
1150.25 0.011194
1153.00 0.017938
1155.75 0.008402
1158.50 0.002921
1161.25 0.015171
1164.00 0.004512
1166.75 0.006521
1169.50 0.006148
1172.25 0.018804
1175.00 0.025153
1177.75 0.039637
1180.50 0.051000
1183.25 0.039494
1186.00 0.012750
1188.75 0.030751
1191.50 0.057369
1194.25 0.071986
1197.00 0.072677
1199.75 0.086604
1202.50 0.087469
1205.25 0.046925
1208.00 -0.018557
1210.75 -0.140021
1213.50 -0.259252
1216.25 -0.000636
1219.00 0.178896
1221.75 0.187817
1224.50 0.174964
1227.25 0.156017
1230.00 0.119793
1232.75 0.057457
1235.50 -0.006184
1238.25 -0.034541
1241.00 -0.022528
1243.75 0.000315
1246.50 0.007871
1249.25 0.007464
1252.00 0.005737
1254.75 0.007398
1257.50 0.008295
1260.25 0.008589
1263.00 0.005010
1265.75 0.010132
1268.50 0.010122
1271.25 0.004401
1274.00 0.005342
1276.75 0.005691
1279.50 0.005136
1282.25 0.004439
1285.00 0.005201
1287.75 0.009416
1290.50 0.005704
1293.25 0.004401
1296.00 0.005830
1298.75 0.002672
1301.50 0.002528
1304.25 0.006458
1307.00 0.008427
1309.75 0.007594
1312.50 0.010122
1315.25 0.004457
1318.00 0.003371
1320.75 0.001983
1323.50 -0.000930
1326.25 -0.001476
1329.00 -0.004613
1331.75 -0.004431
1334.50 -0.000826
1337.25 0.000323
1340.00 0.000121
1342.75 -0.000964
1345.50 -0.001225
1348.25 -0.002448
1351.00 -0.000779
1353.75 -0.000226
1356.50 0.001962
1359.25 0.000267
1362.00 0.002358
1364.75 0.005280
1367.50 0.007392
1370.25 0.008116
1373.00 0.012063
1375.75 0.013471
1378.50 0.016134
1381.25 0.013833
1384.00 0.011881
1386.75 0.008164
1389.50 0.001392
1392.25 -0.002725
1395.00 -0.004505
1397.75 -0.007220
1400.50 -0.010720
1403.25 -0.007727
1406.00 -0.002906
1408.75 -0.004300
1411.50 -0.003842
1414.25 -0.004021
1417.00 -0.002867
1419.75 -0.002674
1422.50 -0.002001
1425.25 -0.002982
1428.00 -0.001890
1430.75 -0.001415
1433.50 -0.003808
1436.25 -0.001102
1439.00 -0.000871
1441.75 -0.000214
1444.50 -0.000889
1447.25 0.000753
1450.00 -0.000389
1452.75 -0.001418
1455.50 -0.000933
1458.25 -0.002549
1461.00 -0.003074
1463.75 -0.003126
1466.50 -0.002961
1469.25 -0.003080
1472.00 -0.004844
1474.75 -0.004221
1477.50 -0.005623
1480.25 -0.005927
1483.00 -0.004683
1485.75 -0.004448
1488.50 -0.002574
1491.25 -0.001757
1494.00 -0.000249
1496.75 0.001102
1499.50 0.002516
1502.25 0.004517
1505.00 0.002945
1507.75 0.000839
1510.50 -0.001076
1513.25 0.001619
1516.00 0.005513
1518.75 0.009813
1521.50 0.011849
1524.25 0.012004
1527.00 0.016103
1529.75 0.015079
1532.50 0.016192
1535.25 0.010216
1538.00 -0.002489
1540.75 -0.026118
1543.50 -0.057817
1546.25 -0.072557
1549.00 -0.055556
1551.75 -0.024428
1554.50 -0.011928
1557.25 -0.017028
1560.00 -0.017967
1562.75 -0.016547
1565.50 -0.016258
1568.25 -0.017290
1571.00 -0.015932
1573.75 -0.015755
1576.50 -0.015010
1579.25 -0.014668
1582.00 -0.013832
1584.75 -0.012302
1587.50 -0.012872
1590.25 -0.012876
1593.00 -0.012046
1595.75 -0.012887
1598.50 -0.012548
1601.25 -0.012449
1604.00 -0.012772
1606.75 -0.012585
1609.50 -0.012958
1612.25 -0.012277
1615.00 -0.012190
1617.75 -0.012968
1620.50 -0.012700
1623.25 -0.012921
1626.00 -0.013515
1628.75 -0.013824
1631.50 -0.013868
1634.25 -0.014508
1637.00 -0.013607
1639.75 -0.013048
1642.50 -0.012843
1645.25 -0.012547
1648.00 -0.012836
1650.75 -0.012011
1653.50 -0.012115
1656.25 -0.012931
1659.00 -0.012341
1661.75 -0.012988
1664.50 -0.012618
1667.25 -0.011776
1670.00 -0.011216
1672.75 -0.010530
1675.50 -0.010952
1678.25 -0.010601
1681.00 -0.010362
1683.75 -0.009757
1686.50 -0.009949
1689.25 -0.009046
1692.00 -0.009461
1694.75 -0.008412
1697.50 -0.008675
1700.25 -0.008951
1703.00 -0.009054
1705.75 -0.008480
1708.50 -0.008538
1711.25 -0.008746
1714.00 -0.008373
1716.75 -0.009247
1719.50 -0.009593
1722.25 -0.009514
1725.00 -0.009285
1727.75 -0.009223
1730.50 -0.009850
1733.25 -0.009446
1736.00 -0.009891
1738.75 -0.010578
1741.50 -0.010306
1744.25 -0.010933
1747.00 -0.011267
1749.75 -0.011314
1752.50 -0.011020
1755.25 -0.011153
1758.00 -0.010521
1760.75 -0.009830
1763.50 -0.009866
1766.25 -0.009793
1769.00 -0.010029
1771.75 -0.010331
1774.50 -0.010326
1777.25 -0.010142
1780.00 -0.010228
1782.75 -0.010658
1785.50 -0.010401
1788.25 -0.010013
1791.00 -0.010023
1793.75 -0.010114
1796.50 -0.010417
1799.25 -0.010896
1802.00 -0.010598
1804.75 -0.010622
1807.50 -0.010412
1810.25 -0.010607
1813.00 -0.010367
1815.75 -0.010031
1818.50 -0.010148
1821.25 -0.010092
1824.00 -0.009656
1826.75 -0.009719
1829.50 -0.010037
1832.25 -0.010186
1835.00 -0.010173
1837.75 -0.010362
1840.50 -0.010169
1843.25 -0.011180
1846.00 -0.010947
1848.75 -0.012201
1851.50 -0.012356
1854.25 -0.012481
1857.00 -0.013209
1859.75 -0.012721
1862.50 -0.012996
1865.25 -0.012959
1868.00 -0.013161
1870.75 -0.013161
1873.50 -0.013616
1876.25 -0.014057
1879.00 -0.014843
1881.75 -0.015225
1884.50 -0.015813
1887.25 -0.016200
1890.00 -0.016612
1892.75 -0.016949
1895.50 -0.016720
1898.25 -0.016819
1901.00 -0.017061
1903.75 -0.016955
1906.50 -0.016445
1909.25 -0.015750
1912.00 -0.013965
1914.75 -0.012932
1917.50 -0.012608
1920.25 -0.012378
1923.00 -0.011727
1925.75 -0.011453
1928.50 -0.011021
1931.25 -0.010889
1934.00 -0.010295
1936.75 -0.010624
1939.50 -0.010199
1942.25 -0.010257
1945.00 -0.010099
1947.75 -0.009791
1950.50 -0.010146
1953.25 -0.009766
1956.00 -0.009588
1958.75 -0.009160
1961.50 -0.008750
1964.25 -0.008846
1967.00 -0.009042
1969.75 -0.008468
1972.50 -0.008857
1975.25 -0.008994
1978.00 -0.008951
1980.75 -0.008594
1983.50 -0.009052
1986.25 -0.008958
1989.00 -0.008978
1991.75 -0.008917
1994.50 -0.008783
1997.25 -0.008779
2000.00 -0.008332
2002.75 -0.008041
2005.50 -0.008142
2008.25 -0.008297
2011.00 -0.008142
2013.75 -0.008048
2016.50 -0.008271
2019.25 -0.007983
2022.00 -0.007966
2024.75 -0.008065
2027.50 -0.008305
2030.25 -0.008357
2033.00 -0.008371
2035.75 -0.008647
2038.50 -0.009147
2041.25 -0.008685
2044.00 -0.008781
2046.75 -0.008968
2049.50 -0.008725
2052.25 -0.008855
2055.00 -0.009053
2057.75 -0.008672
2060.50 -0.008864
2063.25 -0.008913
2066.00 -0.009237
2068.75 -0.008810
2071.50 -0.008832
2074.25 -0.009194
2077.00 -0.008804
2079.75 -0.009148
2082.50 -0.009029
2085.25 -0.008800
2088.00 -0.008728
2090.75 -0.008652
2093.50 -0.009069
2096.25 -0.008842
2099.00 -0.008652
2101.75 -0.008574
2104.50 -0.008386
2107.25 -0.008355
2110.00 -0.008113
2112.75 -0.008076
2115.50 -0.008079
2118.25 -0.007937
2121.00 -0.007538
2123.75 -0.007565
2126.50 -0.007802
2129.25 -0.007656
2132.00 -0.007395
2134.75 -0.007455
2137.50 -0.007528
2140.25 -0.007913
2143.00 -0.007973
2145.75 -0.007865
2148.50 -0.007555
2151.25 -0.007658
2154.00 -0.007643
2156.75 -0.007203
2159.50 -0.007257
2162.25 -0.006665
2165.00 -0.007398
2167.75 -0.007038
2170.50 -0.007134
2173.25 -0.006769
2176.00 -0.006993
2178.75 -0.006754
2181.50 -0.006846
2184.25 -0.006769
2187.00 -0.007087
2189.75 -0.006600
2192.50 -0.006574
2195.25 -0.006129
2198.00 -0.006356
2200.75 -0.006258
2203.50 -0.006567
2206.25 -0.006148
2209.00 -0.005945
2211.75 -0.006402
2214.50 -0.006233
2217.25 -0.006435
2220.00 -0.006234
2222.75 -0.006354
2225.50 -0.006410
2228.25 -0.006553
2231.00 -0.006672
2233.75 -0.006257
2236.50 -0.006094
2239.25 -0.006549
2242.00 -0.005843
2244.75 -0.006601
2247.50 -0.006014
2250.25 -0.006130
2253.00 -0.006137
2255.75 -0.005702
2258.50 -0.006037
2261.25 -0.006043
2264.00 -0.005942
2266.75 -0.006361
2269.50 -0.005878
2272.25 -0.006211
2275.00 -0.006348
2277.75 -0.006434
2280.50 -0.006535
2283.25 -0.006184
2286.00 -0.006362
2288.75 -0.006294
2291.50 -0.006656
2294.25 -0.006692
2297.00 -0.006259
2299.75 -0.006258
2302.50 -0.006328
2305.25 -0.006163
2308.00 -0.006276
2310.75 -0.006217
2313.50 -0.005752
2316.25 -0.006319
2319.00 -0.006025
2321.75 -0.006227
2324.50 -0.005895
2327.25 -0.006334
2330.00 -0.006370
2332.75 -0.006613
2335.50 -0.005973
2338.25 -0.005766
2341.00 -0.005981
2343.75 -0.006050
2346.50 -0.006160
2349.25 -0.006011
2352.00 -0.006035
2354.75 -0.005872
2357.50 -0.005720
2360.25 -0.005752
2363.00 -0.005500
2365.75 -0.005788
2368.50 -0.005983
2371.25 -0.005650
2374.00 -0.005969
2376.75 -0.006301
2379.50 -0.005908
2382.25 -0.005843
2385.00 -0.005587
2387.75 -0.005598
2390.50 -0.005657
2393.25 -0.005421
2396.00 -0.005318
2398.75 -0.005479
2401.50 -0.005272
2404.25 -0.005260
2407.00 -0.005407
2409.75 -0.005517
2412.50 -0.005306
2415.25 -0.005637
2418.00 -0.005601
2420.75 -0.005436
2423.50 -0.005454
2426.25 -0.005588
2429.00 -0.005504
2431.75 -0.005178
2434.50 -0.004741
2437.25 -0.005249
2440.00 -0.005400
2442.75 -0.005625
2445.50 -0.004681
2448.25 -0.004948
2451.00 -0.004585
2453.75 -0.004622
2456.50 -0.004587
2459.25 -0.004563
2462.00 -0.004759
2464.75 -0.004460
2467.50 -0.005033
2470.25 -0.004985
2473.00 -0.004826
2475.75 -0.004759
2478.50 -0.004670
2481.25 -0.004661
2484.00 -0.005372
2486.75 -0.004853
2489.50 -0.004880
2492.25 -0.004809
2495.00 -0.004569
2497.75 -0.004395
2500.50 -0.004649
2503.25 -0.005398
2506.00 -0.004746
2508.75 -0.004655
2511.50 -0.004618
2514.25 -0.005280
2517.00 -0.004595
2519.75 -0.005108
2522.50 -0.004811
2525.25 -0.005042
2528.00 -0.005173
2530.75 -0.004756
2533.50 -0.004430
2536.25 -0.004733
2539.00 -0.004540
2541.75 -0.004915
2544.50 -0.004696
2547.25 -0.004353
2550.00 -0.003973
2552.75 -0.004721
2555.50 -0.004834
2558.25 -0.004497
2561.00 -0.004898
2563.75 -0.004847
2566.50 -0.004030
2569.25 -0.004462
2572.00 -0.004588
2574.75 -0.004344
2577.50 -0.003920
2580.25 -0.003614
2583.00 -0.004039
2585.75 -0.004641
2588.50 -0.004552
2591.25 -0.004209
2594.00 -0.004056
2596.75 -0.003835
2599.50 -0.004365
2602.25 -0.004295
2605.00 -0.003970
2607.75 -0.003993
2610.50 -0.003570
2613.25 -0.004218
2616.00 -0.004711
2618.75 -0.004257
2621.50 -0.004165
2624.25 -0.003754
2627.00 -0.004044
2629.75 -0.004075
2632.50 -0.003475
2635.25 -0.003913
2638.00 -0.003649
2640.75 -0.003143
2643.50 -0.003393
2646.25 -0.003735
2649.00 -0.003219
2651.75 -0.003572
2654.50 -0.003220
2657.25 -0.003049
2660.00 -0.002933
2662.75 -0.003359
2665.50 -0.003216
2668.25 -0.003413
2671.00 -0.003567
2673.75 -0.003491
2676.50 -0.003834
2679.25 -0.002857
2682.00 -0.002800
2684.75 -0.002874
2687.50 -0.003487
2690.25 -0.003509
2693.00 -0.003869
2695.75 -0.003045
2698.50 -0.003365
2701.25 -0.003625
2704.00 -0.003423
2706.75 -0.003580
2709.50 -0.004071
2712.25 -0.003526
2715.00 -0.003854
2717.75 -0.003450
2720.50 -0.003490
2723.25 -0.003100
2726.00 -0.003391
2728.75 -0.003476
2731.50 -0.002855
2734.25 -0.003519
2737.00 -0.003859
2739.75 -0.002909
2742.50 -0.004582
2745.25 -0.003424
2748.00 -0.003289
2750.75 -0.002151
2753.50 -0.002818
2756.25 -0.005273
2759.00 -0.004824
2761.75 -0.003036
2764.50 -0.002383
2767.25 -0.004134
2770.00 -0.003572
2772.75 -0.001060
2775.50 -0.001663
2778.25 -0.003800
2781.00 -0.003086
2783.75 -0.004239
2786.50 -0.003321
2789.25 -0.005219
2792.00 -0.006301
2794.75 -0.005002
2797.50 -0.004440
2800.25 -0.004621
2803.00 -0.004779
2805.75 -0.002724
2808.50 -0.004738
2811.25 -0.004133
2814.00 -0.003084
2816.75 -0.002743
2819.50 -0.002637
2822.25 -0.002724
2825.00 -0.002671
2827.75 -0.001912
2830.50 -0.002539
2833.25 -0.003846
2836.00 -0.003132
2838.75 -0.004128
2841.50 -0.003404
2844.25 -0.002802
2847.00 -0.002108
2849.75 -0.001298
2852.50 -0.001932
2855.25 -0.000817
2858.00 -0.001062
2860.75 -0.001821
2863.50 -0.002295
2866.25 -0.001315
2869.00 -0.002462
2871.75 -0.001778
2874.50 -0.003599
2877.25 -0.004427
2880.00 -0.002584
2882.75 -0.001473
2885.50 -0.001887
2888.25 -0.002094
2891.00 -0.002489
2893.75 -0.004643
2896.50 -0.003616
2899.25 -0.001898
2902.00 -0.002225
2904.75 -0.000122
2907.50 -0.006376
2910.25 -0.004538
2913.00 -0.001212
2915.75 -0.004446
2918.50 -0.005087
2921.25 -0.003158
2924.00 -0.003281
2926.75 -0.003930
2929.50 -0.000823
2932.25 -0.003542
2935.00 -0.002112
2937.75 -0.003953
2940.50 -0.003289
2943.25 -0.004094
2946.00 -0.001995
2948.75 -0.001512
2951.50 -0.001135
2954.25 -0.000186
2957.00 0.000783
2959.75 -0.001765
2962.50 -0.000554
2965.25 -0.000074
2968.00 -0.000946
2970.75 -0.001092
2973.50 -0.003287
2976.25 -0.002595
2979.00 -0.003055
2981.75 -0.001864
2984.50 -0.002200
2987.25 -0.000177
2990.00 0.000431
2992.75 -0.002922
2995.50 -0.003081
2998.25 -0.001374
3001.00 -0.002381
3003.75 -0.003746
3006.50 -0.001531
3009.25 -0.004483
3012.00 -0.001350
3014.75 -0.001888
3017.50 -0.002273
3020.25 -0.001168
3023.00 -0.004085
3025.75 -0.002174
3028.50 -0.001028
3031.25 -0.002333
3034.00 -0.003344
3036.75 -0.001876
3039.50 -0.002387
3042.25 -0.001158
3045.00 -0.000190
3047.75 -0.002303
3050.50 -0.003284
3053.25 -0.001571
3056.00 -0.002567
3058.75 -0.002182
3061.50 -0.001284
3064.25 0.000668
3067.00 -0.003123
3069.75 -0.001453
3072.50 -0.000990
3075.25 -0.002740
3078.00 -0.000601
3080.75 -0.001668
3083.50 -0.000353
3086.25 0.000915
3089.00 -0.000671
3091.75 -0.001364
3094.50 -0.000249
3097.25 -0.002329
3100.00 -0.002450
3102.75 -0.001099
3105.50 -0.002990
3108.25 0.001197
3111.00 0.002003
3113.75 0.001719
3116.50 -0.000591
3119.25 0.001018
3122.00 0.001277
3124.75 0.000015
3127.50 0.002443
3130.25 0.002699
3133.00 0.001210
3135.75 0.004453
3138.50 0.002032
3141.25 0.000957
3144.00 0.002018
3146.75 0.000560
3149.50 0.000606
3152.25 -0.000156
3155.00 0.000416
3157.75 0.000921
3160.50 0.001877
3163.25 -0.000216
3166.00 0.000965
3168.75 0.002479
3171.50 0.001152
3174.25 0.002047
3177.00 0.002915
3179.75 0.004648
3182.50 0.002838
3185.25 0.005473
3188.00 0.004816
3190.75 0.006207
3193.50 0.004638
3196.25 0.004152
3199.00 0.002737
3201.75 0.002537
3204.50 0.004074
3207.25 0.003023
3210.00 0.001790
3212.75 0.002532
3215.50 0.002041
3218.25 0.000868
3221.00 0.001845
3223.75 0.002684
3226.50 0.001419
3229.25 0.001926
3232.00 0.001793
3234.75 0.001353
3237.50 0.002108
3240.25 0.002126
3243.00 0.002863
3245.75 0.003954
3248.50 0.004074
3251.25 0.006709
3254.00 0.003184
3256.75 0.008192
3259.50 0.003105
3262.25 0.003532
3265.00 0.002313
3267.75 0.004207
3270.50 0.003356
3273.25 0.003625
3276.00 0.005682
3278.75 0.004987
3281.50 0.007237
3284.25 0.007467
3287.00 0.004344
3289.75 0.009051
3292.50 0.005158
3295.25 0.005814
3298.00 0.005397
3300.75 0.005116
3303.50 0.005349
3306.25 0.003221
3309.00 0.004348
3311.75 0.006200
3314.50 0.001499
3317.25 0.005290
3320.00 0.003923
3322.75 0.004028
3325.50 0.005236
3328.25 0.006134
3331.00 0.004294
3333.75 0.005983
3336.50 0.006001
3339.25 0.007643
3342.00 0.005888
3344.75 0.009895
3347.50 0.009309
3350.25 0.008637
3353.00 0.006354
3355.75 0.010455
3358.50 0.009691
3361.25 0.007645
3364.00 0.005323
3366.75 0.006852
3369.50 0.005957
3372.25 0.007146
3375.00 0.008106
3377.75 0.008663
3380.50 0.007351
3383.25 0.007509
3386.00 0.007905
3388.75 0.006873
3391.50 0.005869
3394.25 0.006690
3397.00 0.008220
3399.75 0.007375
3402.50 0.008810
3405.25 0.006133
3408.00 0.008429
3410.75 0.008922
3413.50 0.009260
3416.25 0.009851
3419.00 0.010282
3421.75 0.014211
3424.50 0.013489
3427.25 0.011883
3430.00 0.009348
3432.75 0.009566
3435.50 0.010326
3438.25 0.009688
3441.00 0.010926
3443.75 0.009002
3446.50 0.011994
3449.25 0.009563
3452.00 0.008989
3454.75 0.008042
3457.50 0.010551
3460.25 0.011536
3463.00 0.007450
3465.75 0.011314
3468.50 0.006485
3471.25 0.008040
3474.00 0.008522
3476.75 0.011210
3479.50 0.008210
3482.25 0.008518
3485.00 0.010488
3487.75 0.009236
3490.50 0.012518
3493.25 0.011022
3496.00 0.009439
3498.75 0.011272
3501.50 0.011673
3504.25 0.009738
3507.00 0.011109
3509.75 0.012763
3512.50 0.013224
3515.25 0.011029
3518.00 0.009303
3520.75 0.009851
3523.50 0.011157
3526.25 0.010308
3529.00 0.010878
3531.75 0.009838
3534.50 0.010601
3537.25 0.010372
3540.00 0.010228
3542.75 0.009992
3545.50 0.009503
3548.25 0.011551
3551.00 0.010404
3553.75 0.011442
3556.50 0.010698
3559.25 0.010926
3562.00 0.011726
3564.75 0.011811
3567.50 0.013685
3570.25 0.010868
3573.00 0.014117
3575.75 0.012963
3578.50 0.011839
3581.25 0.012043
3584.00 0.011306
3586.75 0.012928
3589.50 0.011986
3592.25 0.012222
3595.00 0.013468
3597.75 0.014587
3600.50 0.010165
3603.25 0.011380
3606.00 0.013599
3608.75 0.012757
3611.50 0.013342
3614.25 0.012528
3617.00 0.013009
3619.75 0.014635
3622.50 0.014296
3625.25 0.012926
3628.00 0.012662
3630.75 0.011671
3633.50 0.011973
3636.25 0.013550
3639.00 0.014349
3641.75 0.011498
3644.50 0.013025
3647.25 0.013872
3650.00 0.009991
3652.75 0.010627
3655.50 0.012580
3658.25 0.011541
3661.00 0.014034
3663.75 0.012460
3666.50 0.013232
3669.25 0.012833
3672.00 0.014110
3674.75 0.012357
3677.50 0.013866
3680.25 0.012852
3683.00 0.012129
3685.75 0.011471
3688.50 0.015180
3691.25 0.012191
3694.00 0.013534
3696.75 0.011993
3699.50 0.014183
3702.25 0.013815
3705.00 0.013063
3707.75 0.014857
3710.50 0.012393
3713.25 0.012491
3716.00 0.014120
3718.75 0.016348
3721.50 0.017025
3724.25 0.022684
3727.00 0.038247
3729.75 0.043196
3732.50 0.026286
3735.25 0.015651
3738.00 0.015287
3740.75 0.013756
3743.50 0.014607
3746.25 0.015339
3749.00 0.016010
3751.75 0.016962
3754.50 0.016418
3757.25 0.017055
3760.00 0.017606
3762.75 0.015715
3765.50 0.016590
3768.25 0.014915
3771.00 0.014634
3773.75 0.015752
3776.50 0.014419
3779.25 0.013865
3782.00 0.014881
3784.75 0.015564
3787.50 0.017068
3790.25 0.014165
3793.00 0.014236
3795.75 0.013236
3798.50 0.013873
3801.25 0.013474
3804.00 0.013520
3806.75 0.012676
3809.50 0.009810
3812.25 0.014219
3815.00 0.014495
3817.75 0.009326
3820.50 0.017495
3823.25 0.005073
3826.00 0.009910
3828.75 0.016462
3831.50 0.009452
3834.25 0.020988
3837.00 0.017548
3839.75 0.018697
3842.50 0.012420
3845.25 0.013848
3848.00 0.003912
3850.75 0.017596
3853.50 0.014142
3856.25 0.011710
3859.00 0.017425
3861.75 0.020313
3864.50 0.026268
3867.25 0.018776
3870.00 0.027141
3872.75 0.031099
3875.50 0.009570
3878.25 0.009104
3881.00 0.015265
3883.75 0.017018
3886.50 0.018040
3889.25 0.019182
3892.00 0.015790
3894.75 0.024059
3897.50 0.013491
3900.25 0.012174
3903.00 0.016135
3905.75 0.014364
3908.50 0.021107
3911.25 0.031192
3914.00 0.013424
3916.75 0.012985
3919.50 0.012349
3922.25 0.017508
3925.00 0.013874
3927.75 0.015034
3930.50 0.026655
3933.25 0.016935
3936.00 0.014969
3938.75 0.021299
3941.50 0.017422
3944.25 0.020664
3947.00 0.014104
3949.75 0.018919
3952.50 0.010685
3955.25 0.015471
3958.00 0.020397
3960.75 0.013862
3963.50 0.017993
3966.25 0.023094
3969.00 0.022071
3971.75 0.016698
3974.50 0.010298
3977.25 0.014045
3980.00 0.017884
3982.75 0.016042
3985.50 0.014553
3988.25 0.021905
3991.00 0.014018
3993.75 0.015593
3996.50 0.017567
3999.25 0.010818
4002.00 0.017359
4004.75 0.017585
4007.50 0.019136
4010.25 0.015053
4013.00 0.013425
4015.75 0.017795
4018.50 0.013115
4021.25 0.010068
4024.00 0.010917
4026.75 0.011610
4029.50 0.014960
4032.25 0.013559
4035.00 0.014207
4037.75 0.013498
4040.50 0.004943
4043.25 0.013766
4046.00 0.013529
4048.75 0.012368
4051.50 0.016719
4054.25 0.015714
4057.00 0.016237
4059.75 0.019357
4062.50 0.018175
4065.25 0.017743
4068.00 0.019332
4070.75 0.014060
4073.50 0.017138
4076.25 0.015866
4079.00 0.015197
4081.75 0.015081
4084.50 0.013101
4087.25 0.018750
4090.00 0.020090
4092.75 0.023982
4095.50 0.012957
4098.25 0.022245
4101.00 0.021152
4103.75 0.025594
4106.50 0.020485
4109.25 0.020033
4112.00 0.020064
4114.75 0.020696
4117.50 0.019711
4120.25 0.019240
4123.00 0.014602
4125.75 0.013671
4128.50 0.012971
4131.25 0.020325
4134.00 0.016798
4136.75 0.017754
4139.50 0.016285
4142.25 0.017889
4145.00 0.018290
4147.75 0.014599
4150.50 0.017116
4153.25 0.012399
4156.00 0.010742
4158.75 0.021320
4161.50 0.016474
4164.25 0.019933
4167.00 0.019088
4169.75 0.015668
4172.50 0.019943
4175.25 0.017476
4178.00 0.018497
4180.75 0.016521
4183.50 0.013199
4186.25 0.016991
4189.00 0.014603
4191.75 0.013212
4194.50 0.018674
4197.25 0.018002
4200.00 0.011072
4202.75 0.016561
4205.50 0.014130
4208.25 0.014176
4211.00 0.014269
4213.75 0.011739
4216.50 0.017626
4219.25 0.014527
4222.00 0.013913
4224.75 0.011650
4227.50 0.014945
4230.25 0.016190
4233.00 0.018357
4235.75 0.016678
4238.50 0.014705
4241.25 0.016205
4244.00 0.015616
4246.75 0.013574
4249.50 0.020716
4252.25 0.021496
4255.00 0.017171
4257.75 0.015804
4260.50 0.019223
4263.25 0.016815
4266.00 0.014085
4268.75 0.013770
4271.50 0.017361
4274.25 0.017712
4277.00 0.014959
4279.75 0.016483
4282.50 0.017713
4285.25 0.016391
4288.00 0.016953
4290.75 0.016209
4293.50 0.022229
4296.25 0.018949
4299.00 0.020683
4301.75 0.015590
4304.50 0.020637
4307.25 0.019366
4310.00 0.015375
4312.75 0.022103
4315.50 0.023201
4318.25 0.023924
4321.00 0.018385
4323.75 0.025955
4326.50 0.021859
4329.25 0.019723
4332.00 0.027170
4334.75 0.028602
4337.50 0.028695
4340.25 0.033966
4343.00 0.033840
4345.75 0.026257
4348.50 0.022105
4351.25 0.022444
4354.00 0.024661
4356.75 0.026287
4359.50 0.026297
4362.25 0.028419
4365.00 0.028121
4367.75 0.021856
4370.50 0.021981
4373.25 0.018673
4376.00 0.016348
4378.75 0.016272
4381.50 0.021026
4384.25 0.019068
4387.00 0.016362
4389.75 0.014615
4392.50 0.021964
4395.25 0.017564
4398.00 0.017111
4400.75 0.019373
4403.50 0.018909
4406.25 0.015118
4409.00 0.013822
4411.75 0.015902
4414.50 0.014840
4417.25 0.015586
4420.00 0.016390
4422.75 0.019202
4425.50 0.017066
4428.25 0.019223
4431.00 0.017832
4433.75 0.016586
4436.50 0.014400
4439.25 0.015928
4442.00 0.017906
4444.75 0.017279
4447.50 0.015514
4450.25 0.019968
4453.00 0.016466
4455.75 0.012118
4458.50 0.015699
4461.25 0.018991
4464.00 0.018492
4466.75 0.020887
4469.50 0.012986
4472.25 0.015720
4475.00 0.018873
4477.75 0.019409
4480.50 0.017462
4483.25 0.019128
4486.00 0.015417
4488.75 0.018587
4491.50 0.019909
4494.25 0.019732
4497.00 0.015223
4499.75 0.019055
4502.50 0.017383
4505.25 0.024059
4508.00 0.022454
4510.75 0.019885
4513.50 0.015695
4516.25 0.018913
4519.00 0.018437
4521.75 0.023306
4524.50 0.023124
4527.25 0.022694
4530.00 0.021731
4532.75 0.017947
4535.50 0.020756
4538.25 0.021802
4541.00 0.015249
4543.75 0.021545
4546.50 0.019015
4549.25 0.020636
4552.00 0.022899
4554.75 0.017655
4557.50 0.021886
4560.25 0.021235
4563.00 0.018088
4565.75 0.018800
4568.50 0.018325
4571.25 0.019139
4574.00 0.019282
4576.75 0.018870
4579.50 0.020731
4582.25 0.020745
4585.00 0.017876
4587.75 0.019025
4590.50 0.020708
4593.25 0.020331
4596.00 0.020079
4598.75 0.020993
4601.50 0.018346
4604.25 0.019256
4607.00 0.017871
4609.75 0.016687
4612.50 0.017792
4615.25 0.021791
4618.00 0.024399
4620.75 0.016845
4623.50 0.018644
4626.25 0.022304
4629.00 0.023239
4631.75 0.021684
4634.50 0.019588
4637.25 0.016443
4640.00 0.019023
4642.75 0.021045
4645.50 0.018308
4648.25 0.019714
4651.00 0.019441
4653.75 0.021357
4656.50 0.016528
4659.25 0.015547
4662.00 0.014026
4664.75 0.017510
4667.50 0.015842
4670.25 0.017658
4673.00 0.016993
4675.75 0.019396
4678.50 0.020812
4681.25 0.015251
4684.00 0.015775
4686.75 0.016559
4689.50 0.017791
4692.25 0.016624
4695.00 0.016360
4697.75 0.014878
4700.50 0.014915
4703.25 0.012838
4706.00 0.015672
4708.75 0.015696
4711.50 0.017154
4714.25 0.017845
4717.00 0.016855
4719.75 0.015456
4722.50 0.015824
4725.25 0.015554
4728.00 0.013985
4730.75 0.011026
4733.50 0.016183
4736.25 0.014995
4739.00 0.016425
4741.75 0.014912
4744.50 0.015786
4747.25 0.016226
4750.00 0.014976
4752.75 0.013475
4755.50 0.013973
4758.25 0.014352
4761.00 0.013907
4763.75 0.015650
4766.50 0.014195
4769.25 0.012783
4772.00 0.013650
4774.75 0.017351
4777.50 0.014466
4780.25 0.017857
4783.00 0.013650
4785.75 0.017940
4788.50 0.013494
4791.25 0.016287
4794.00 0.016683
4796.75 0.016417
4799.50 0.016216
4802.25 0.015656
4805.00 0.016107
4807.75 0.013742
4810.50 0.016335
4813.25 0.015822
4816.00 0.016089
4818.75 0.018624
4821.50 0.019415
4824.25 0.021108
4827.00 0.022441
4829.75 0.020234
4832.50 0.022612
4835.25 0.021766
4838.00 0.026590
4840.75 0.026030
4843.50 0.029762
4846.25 0.028463
4849.00 0.031231
4851.75 0.032298
4854.50 0.038139
4857.25 0.041768
4860.00 0.048774
4862.75 0.059057
4865.50 0.051779
4868.25 0.041913
4871.00 0.035961
4873.75 0.033229
4876.50 0.033805
4879.25 0.027459
4882.00 0.029003
4884.75 0.025549
4887.50 0.027954
4890.25 0.028862
4893.00 0.024508
4895.75 0.020585
4898.50 0.018580
4901.25 0.020897
4904.00 0.018858
4906.75 0.016990
4909.50 0.014063
4912.25 0.016267
4915.00 0.019224
4917.75 0.017164
4920.50 0.021267
4923.25 0.017058
4926.00 0.016324
4928.75 0.014974
4931.50 0.016574
4934.25 0.017375
4937.00 0.017338
4939.75 0.015435
4942.50 0.017633
4945.25 0.017260
4948.00 0.015777
4950.75 0.017046
4953.50 0.024067
4956.25 0.031410
4959.00 0.039920
4961.75 0.038273
4964.50 0.021153
4967.25 0.014915
4970.00 0.014256
4972.75 0.013411
4975.50 0.015240
4978.25 0.014813
4981.00 0.013665
4983.75 0.011435
4986.50 0.013642
4989.25 0.014504
4992.00 0.015615
4994.75 0.019284
4997.50 0.026142
5000.25 0.034214
5003.00 0.048972
5005.75 0.083197
5008.50 0.102925
5011.25 0.065863
5014.00 0.027733
5016.75 0.021091
5019.50 0.019296
5022.25 0.015910
5025.00 0.018733
5027.75 0.015686
5030.50 0.014572
5033.25 0.013271
5036.00 0.016171
5038.75 0.015269
5041.50 0.013015
5044.25 0.014019
5047.00 0.012905
5049.75 0.012339
5052.50 0.012436
5055.25 0.011294
5058.00 0.011823
5060.75 0.012180
5063.50 0.010966
5066.25 0.008834
5069.00 0.011787
5071.75 0.010757
5074.50 0.010973
5077.25 0.011132
5080.00 0.010919
5082.75 0.010358
5085.50 0.009359
5088.25 0.011067
5091.00 0.007498
5093.75 0.011975
5096.50 0.011499
5099.25 0.011403
5102.00 0.008214
5104.75 0.011386
5107.50 0.008530
5110.25 0.009775
5113.00 0.011914
5115.75 0.011934
5118.50 0.010481
5121.25 0.010145
5124.00 0.010672
5126.75 0.008487
5129.50 0.009978
5132.25 0.008084
5135.00 0.006264
5137.75 0.008759
5140.50 0.011976
5143.25 0.010936
5146.00 0.010060
5148.75 0.009761
5151.50 0.009769
5154.25 0.014613
5157.00 0.013489
5159.75 0.012623
5162.50 0.013331
5165.25 0.012147
5168.00 0.011030
5170.75 0.015229
5173.50 0.014474
5176.25 0.011294
5179.00 0.008754
5181.75 0.009834
5184.50 0.009089
5187.25 0.011869
5190.00 0.013919
5192.75 0.015247
5195.50 0.010978
5198.25 0.010424
5201.00 0.010626
5203.75 0.010823
5206.50 0.012971
5209.25 0.010137
5212.00 0.008130
5214.75 0.010139
5217.50 0.011434
5220.25 0.011434
5223.00 0.007569
5225.75 0.010361
5228.50 0.010232
5231.25 0.009033
5234.00 0.010103
5236.75 0.009892
5239.50 0.010539
5242.25 0.010848
5245.00 0.010878
5247.75 0.010512
5250.50 0.009625
5253.25 0.010143
5256.00 0.011477
5258.75 0.008678
5261.50 0.007848
5264.25 0.011059
5267.00 0.010596
5269.75 0.011729
5272.50 0.011459
5275.25 0.008975
5278.00 0.008885
5280.75 0.013213
5283.50 0.012548
5286.25 0.012176
5289.00 0.011544
5291.75 0.010498
5294.50 0.010198
5297.25 0.009101
5300.00 0.008387
5302.75 0.008496
5305.50 0.011861
5308.25 0.008219
5311.00 0.010911
5313.75 0.012598
5316.50 0.010570
5319.25 0.011215
5322.00 0.013041
5324.75 0.011218
5327.50 0.010712
5330.25 0.010607
5333.00 0.010962
5335.75 0.009993
5338.50 0.010214
5341.25 0.009467
5344.00 0.008718
5346.75 0.010160
5349.50 0.009514
5352.25 0.009698
5355.00 0.009734
5357.75 0.005912
5360.50 0.008457
5363.25 0.008976
5366.00 0.009504
5368.75 0.009864
5371.50 0.009533
5374.25 0.009834
5377.00 0.008492
5379.75 0.012307
5382.50 0.009081
5385.25 0.009701
5388.00 0.010158
5390.75 0.007649
5393.50 0.006450
5396.25 0.006694
5399.00 0.008052
5401.75 0.006436
5404.50 0.010462
5407.25 0.008880
5410.00 0.007671
5412.75 0.008732
5415.50 0.007289
5418.25 0.007384
5421.00 0.008167
5423.75 0.009438
5426.50 0.007665
5429.25 0.008144
5432.00 0.006053
5434.75 0.007284
5437.50 0.007498
5440.25 0.010304
5443.00 0.006966
5445.75 0.008181
5448.50 0.009329
5451.25 0.009710
5454.00 0.007800
5456.75 0.008910
5459.50 0.009292
5462.25 0.009044
5465.00 0.005934
5467.75 0.006561
5470.50 0.004749
5473.25 0.007211
5476.00 0.008426
5478.75 0.007499
5481.50 0.009050
5484.25 0.008371
5487.00 0.007221
5489.75 0.006438
5492.50 0.006672
5495.25 0.007212
5498.00 0.008469
5500.75 0.006148
5503.50 0.006711
5506.25 0.006156
5509.00 0.009210
5511.75 0.006935
5514.50 0.007108
5517.25 0.009143
5520.00 0.005993
5522.75 0.008731
5525.50 0.009565
5528.25 0.009797
5531.00 0.008481
5533.75 0.007073
5536.50 0.008105
5539.25 0.007283
5542.00 0.005697
5544.75 0.006728
5547.50 0.006649
5550.25 0.005042
5553.00 0.008024
5555.75 0.006932
5558.50 0.004635
5561.25 0.005117
5564.00 0.004990
5566.75 0.004822
5569.50 0.004196
5572.25 0.001449
5575.00 0.001357
5577.75 0.000042
5580.50 -0.000298
5583.25 0.000315
5586.00 0.001744
5588.75 0.007517
5591.50 0.005445
5594.25 0.003497
5597.00 0.004042
5599.75 0.004976
5602.50 0.004002
5605.25 0.001972
5608.00 0.001909
5610.75 0.001561
5613.50 0.002450
5616.25 0.001534
5619.00 0.003356
5621.75 0.005372
5624.50 0.005044
5627.25 0.002826
5630.00 0.001372
5632.75 0.004448
5635.50 0.000392
5638.25 0.000862
5641.00 0.002382
5643.75 0.002316
5646.50 0.003241
5649.25 0.005306
5652.00 0.000741
5654.75 0.000475
5657.50 0.002732
5660.25 -0.000773
5663.00 0.000336
5665.75 0.003968
5668.50 0.002323
5671.25 0.003980
5674.00 0.002154
5676.75 0.000899
5679.50 0.002713
5682.25 0.000792
5685.00 0.002312
5687.75 0.002027
5690.50 0.003235
5693.25 0.002458
5696.00 0.002867
5698.75 0.003585
5701.50 0.003217
5704.25 0.002944
5707.00 0.003209
5709.75 0.001597
5712.50 -0.000259
5715.25 -0.000465
5718.00 0.000596
5720.75 -0.000155
5723.50 0.000616
5726.25 0.001046
5729.00 0.001668
5731.75 0.001747
5734.50 0.001539
5737.25 0.001974
5740.00 0.002478
5742.75 0.004178
5745.50 0.003215
5748.25 0.002288
5751.00 0.002401
5753.75 0.000971
5756.50 0.001554
5759.25 -0.001489
5762.00 -0.000246
5764.75 0.002214
5767.50 -0.000732
5770.25 -0.000167
5773.00 -0.001742
5775.75 0.001003
5778.50 -0.000666
5781.25 0.001194
5784.00 -0.000331
5786.75 0.000470
5789.50 -0.000413
5792.25 0.001429
5795.00 -0.001873
5797.75 0.001545
5800.50 0.003717
5803.25 0.002720
5806.00 0.000514
5808.75 0.002330
5811.50 0.001334
5814.25 0.001216
5817.00 0.000998
5819.75 -0.001015
5822.50 0.000024
5825.25 0.000932
5828.00 -0.001710
5830.75 -0.003989
5833.50 -0.001162
5836.25 0.000028
5839.00 0.000501
5841.75 0.001775
5844.50 0.002926
5847.25 0.000087
5850.00 0.003265
5852.75 0.001823
5855.50 0.002420
5858.25 0.002831
5861.00 -0.000868
5863.75 0.002886
5866.50 0.005105
5869.25 0.004411
5872.00 0.007794
5874.75 0.005146
5877.50 0.005223
5880.25 0.004538
5883.00 0.005938
5885.75 0.003705
5888.50 0.003804
5891.25 0.004729
5894.00 0.003530
5896.75 0.003095
5899.50 0.002173
5902.25 0.000957
5905.00 0.000659
5907.75 0.001322
5910.50 0.000687
5913.25 0.003216
5916.00 0.000383
5918.75 0.004465
5921.50 0.001802
5924.25 0.002687
5927.00 0.002724
5929.75 0.001698
5932.50 0.002418
5935.25 0.002393
5938.00 0.000012
5940.75 -0.000631
5943.50 0.000152
5946.25 0.001225
5949.00 0.001540
5951.75 0.001058
5954.50 0.001385
5957.25 0.001442
5960.00 -0.001442
5962.75 -0.000090
5965.50 0.000891
5968.25 0.000786
5971.00 0.000086
5973.75 0.002670
5976.50 0.001292
5979.25 0.000083
5982.00 -0.001309
5984.75 -0.001774
5987.50 -0.000328
5990.25 0.001744
5993.00 -0.000604
5995.75 0.000443
5998.50 0.000202
6001.25 0.000216
6004.00 -0.001097
6006.75 0.000070
6009.50 0.000064
6012.25 -0.000488
6015.00 -0.003437
6017.75 -0.001208
6020.50 0.000941
6023.25 -0.000255
6026.00 -0.000566
6028.75 -0.001817
6031.50 0.001549
6034.25 0.000354
6037.00 0.002598
6039.75 -0.001451
6042.50 0.001090
6045.25 -0.000358
6048.00 -0.001075
6050.75 -0.000622
6053.50 0.000886
6056.25 -0.004176
6059.00 -0.000314
6061.75 -0.000447
6064.50 0.002031
6067.25 -0.000811
6070.00 -0.003147
6072.75 -0.000751
6075.50 -0.000589
6078.25 0.001773
6081.00 0.000572
6083.75 -0.001656
6086.50 0.000834
6089.25 0.000952
6092.00 -0.000350
6094.75 -0.000009
6097.50 0.000861
6100.25 -0.001263
6103.00 -0.001127
6105.75 0.000261
6108.50 -0.001280
6111.25 0.001278
6114.00 -0.000876
6116.75 0.000036
6119.50 -0.000172
6122.25 -0.001414
6125.00 -0.000850
6127.75 -0.001502
6130.50 -0.001200
6133.25 -0.002422
6136.00 -0.000813
6138.75 -0.001287
6141.50 0.000234
6144.25 -0.000408
6147.00 -0.001345
6149.75 0.000629
6152.50 -0.001636
6155.25 -0.001726
6158.00 -0.000867
6160.75 -0.000191
6163.50 -0.002354
6166.25 -0.000624
6169.00 -0.001768
6171.75 -0.002837
6174.50 -0.001008
6177.25 -0.002616
6180.00 -0.003994
6182.75 -0.003449
6185.50 -0.001553
6188.25 -0.002620
6191.00 -0.003315
6193.75 -0.003577
6196.50 -0.004230
6199.25 -0.001502
6202.00 -0.000217
6204.75 -0.003916
6207.50 -0.001091
6210.25 -0.003044
6213.00 -0.002282
6215.75 -0.002224
6218.50 -0.002917
6221.25 -0.003557
6224.00 -0.002033
6226.75 -0.000153
6229.50 -0.001350
6232.25 -0.001236
6235.00 -0.000822
6237.75 -0.001073
6240.50 -0.000836
6243.25 -0.000613
6246.00 -0.001098
6248.75 -0.001275
6251.50 -0.001861
6254.25 -0.001496
6257.00 -0.001001
6259.75 -0.000786
6262.50 -0.000549
6265.25 -0.003769
6268.00 -0.000518
6270.75 -0.001392
6273.50 -0.001368
6276.25 -0.003419
6279.00 -0.002072
6281.75 -0.001399
6284.50 -0.000499
6287.25 -0.001309
6290.00 -0.002566
6292.75 -0.000773
6295.50 0.000145
6298.25 -0.001627
6301.00 0.000138
6303.75 0.000224
6306.50 0.001388
6309.25 0.000108
6312.00 0.000138
6314.75 -0.000409
6317.50 0.000105
6320.25 -0.000985
6323.00 -0.001340
6325.75 -0.003220
6328.50 -0.003209
6331.25 -0.000188
6334.00 -0.000418
6336.75 -0.000890
6339.50 0.000166
6342.25 -0.000513
6345.00 -0.000977
6347.75 -0.000290
6350.50 -0.002135
6353.25 -0.001962
6356.00 -0.000320
6358.75 -0.000032
6361.50 0.000264
6364.25 0.000271
6367.00 -0.000296
6369.75 -0.001136
6372.50 -0.001100
6375.25 -0.001218
6378.00 -0.001853
6380.75 -0.001993
6383.50 -0.002316
6386.25 -0.002638
6389.00 -0.001636
6391.75 -0.000660
6394.50 -0.000599
6397.25 -0.002321
6400.00 -0.000960
6402.75 -0.001224
6405.50 -0.001951
6408.25 -0.001935
6411.00 -0.001324
6413.75 -0.000810
6416.50 -0.001826
6419.25 -0.002077
6422.00 -0.001081
6424.75 -0.001270
6427.50 -0.002405
6430.25 -0.000521
6433.00 -0.003286
6435.75 -0.001259
6438.50 -0.001198
6441.25 -0.000870
6444.00 -0.001430
6446.75 -0.002170
6449.50 -0.001795
6452.25 -0.000935
6455.00 -0.001325
6457.75 -0.001384
6460.50 -0.000681
6463.25 -0.001253
6466.00 -0.001565
6468.75 -0.000238
6471.50 -0.000773
6474.25 0.001022
6477.00 0.000551
6479.75 0.000896
6482.50 -0.001806
6485.25 0.000581
6488.00 -0.000063
6490.75 -0.002566
6493.50 -0.001097
6496.25 0.002407
6499.00 0.001989
6501.75 0.002186
6504.50 0.002488
6507.25 0.004012
6510.00 0.004235
6512.75 0.005446
6515.50 0.006305
6518.25 0.008544
6521.00 0.008620
6523.75 0.010362
6526.50 0.012377
6529.25 0.014792
6532.00 0.017137
6534.75 0.020866
6537.50 0.024022
6540.25 0.026650
6543.00 0.032258
6545.75 0.038582
6548.50 0.043552
6551.25 0.054240
6554.00 0.058287
6556.75 0.065548
6559.50 0.078268
6562.25 0.099215
6565.00 0.122696
6567.75 0.110971
6570.50 0.086384
6573.25 0.070603
6576.00 0.061318
6578.75 0.056549
6581.50 0.053818
6584.25 0.056787
6587.00 0.058083
6589.75 0.043019
6592.50 0.033711
6595.25 0.027264
6598.00 0.021143
6600.75 0.019001
6603.50 0.015026
6606.25 0.012758
6609.00 0.011486
6611.75 0.009325
6614.50 0.007314
6617.25 0.007009
6620.00 0.003057
6622.75 0.000394
6625.50 0.000208
6628.25 -0.001982
6631.00 -0.002461
6633.75 -0.004092
6636.50 -0.003695
6639.25 -0.003005
6642.00 -0.002482
6644.75 -0.002953
6647.50 -0.003686
6650.25 -0.005633
6653.00 -0.004392
6655.75 -0.005293
6658.50 -0.005068
6661.25 -0.005553
6664.00 -0.005716
6666.75 -0.006010
6669.50 -0.006015
6672.25 -0.008040
6675.00 -0.006585
6677.75 -0.006418
6680.50 -0.006485
6683.25 -0.005925
6686.00 -0.006935
6688.75 -0.006849
6691.50 -0.008602
6694.25 -0.010630
6697.00 -0.009359
6699.75 -0.009448
6702.50 -0.007121
6705.25 -0.008611
6708.00 -0.010041
6710.75 -0.008172
6713.50 -0.008753
6716.25 -0.005996
6719.00 -0.004499
6721.75 -0.004518
6724.50 -0.005894
6727.25 -0.006296
6730.00 -0.007518
6732.75 -0.005881
6735.50 -0.007161
6738.25 -0.008014
6741.00 -0.009962
6743.75 -0.010314
6746.50 -0.009768
6749.25 -0.011540
6752.00 -0.013917
6754.75 -0.011000
6757.50 -0.010913
6760.25 -0.010390
6763.00 -0.010217
6765.75 -0.010143
6768.50 -0.010226
6771.25 -0.010390
6774.00 -0.009376
6776.75 -0.011525
6779.50 -0.012773
6782.25 -0.011651
6785.00 -0.010896
6787.75 -0.011851
6790.50 -0.011803
6793.25 -0.009993
6796.00 -0.011184
6798.75 -0.011388
6801.50 -0.010077
6804.25 -0.011082
6807.00 -0.011162
6809.75 -0.012684
6812.50 -0.012441
6815.25 -0.010541
6818.00 -0.013336
6820.75 -0.012039
6823.50 -0.012274
6826.25 -0.011558
6829.00 -0.014022
6831.75 -0.013083
6834.50 -0.012537
6837.25 -0.012927
6840.00 -0.013287
6842.75 -0.013516
6845.50 -0.011579
6848.25 -0.014035
6851.00 -0.013279
6853.75 -0.012720
6856.50 -0.013140
6859.25 -0.013289
6862.00 -0.013564
6864.75 -0.011764
6867.50 -0.012500
6870.25 -0.015508
6873.00 -0.014926
6875.75 -0.013572
6878.50 -0.014636
6881.25 -0.014839
6884.00 -0.014164
6886.75 -0.014725
6889.50 -0.013736
6892.25 -0.013185
6895.00 -0.014402
6897.75 -0.013348
6900.50 -0.014996
6903.25 -0.014281
6906.00 -0.014831
6908.75 -0.014187
6911.50 -0.015592
6914.25 -0.014316
6917.00 -0.015136
6919.75 -0.013756
6922.50 -0.014188
6925.25 -0.014909
6928.00 -0.014737
6930.75 -0.014945
6933.50 -0.015167
6936.25 -0.015349
6939.00 -0.016441
6941.75 -0.015144
6944.50 -0.016813
6947.25 -0.015875
6950.00 -0.014687
6952.75 -0.014167
6955.50 -0.015508
6958.25 -0.014961
6961.00 -0.015873
6963.75 -0.015825
6966.50 -0.015774
6969.25 -0.015151
6972.00 -0.015632
6974.75 -0.015987
6977.50 -0.015599
6980.25 -0.014604
6983.00 -0.015830
6985.75 -0.017515
6988.50 -0.017449
6991.25 -0.016493
6994.00 -0.017109
6996.75 -0.016853
6999.50 -0.017085
7002.25 -0.016587
7005.00 -0.018946
7007.75 -0.016897
7010.50 -0.015291
7013.25 -0.015538
7016.00 -0.016078
7018.75 -0.016412
7021.50 -0.016921
7024.25 -0.017277
7027.00 -0.018340
7029.75 -0.017990
7032.50 -0.017852
7035.25 -0.017706
7038.00 -0.019888
7040.75 -0.018701
7043.50 -0.020811
7046.25 -0.021048
7049.00 -0.020770
7051.75 -0.019850
7054.50 -0.019457
7057.25 -0.018991
7060.00 -0.021723
7062.75 -0.019253
7065.50 -0.020353
7068.25 -0.021055
7071.00 -0.019559
7073.75 -0.020002
7076.50 -0.020275
7079.25 -0.020314
7082.00 -0.019511
7084.75 -0.018950
7087.50 -0.019020
7090.25 -0.017895
7093.00 -0.019649
7095.75 -0.019465
7098.50 -0.020548
7101.25 -0.018438
7104.00 -0.020325
7106.75 -0.020151
7109.50 -0.020677
7112.25 -0.020466
7115.00 -0.019229
7117.75 -0.020281
7120.50 -0.019513
7123.25 -0.019676
7126.00 -0.019176
7128.75 -0.019981
7131.50 -0.020699
7134.25 -0.019979
7137.00 -0.020450
7139.75 -0.019864
7142.50 -0.020183
7145.25 -0.020778
7148.00 -0.021824
7150.75 -0.020162
7153.50 -0.021571
7156.25 -0.021980
7159.00 -0.022878
7161.75 -0.021491
7164.50 -0.022378
7167.25 -0.022814
7170.00 -0.022451
7172.75 -0.022841
7175.50 -0.023766
7178.25 -0.022167
7181.00 -0.023232
7183.75 -0.022033
7186.50 -0.023180
7189.25 -0.023149
7192.00 -0.024011
7194.75 -0.023834
7197.50 -0.024176
7200.25 -0.024483
7203.00 -0.021529
7205.75 -0.024506
7208.50 -0.022228
7211.25 -0.025162
7214.00 -0.023328
7216.75 -0.023251
7219.50 -0.023389
7222.25 -0.023101
7225.00 -0.024186
7227.75 -0.024767
7230.50 -0.023310
7233.25 -0.022116
7236.00 -0.023584
7238.75 -0.022316
7241.50 -0.022631
7244.25 -0.023512
7247.00 -0.023019
7249.75 -0.023870
7252.50 -0.023879
7255.25 -0.022871
7258.00 -0.023399
7260.75 -0.023948
7263.50 -0.024675
7266.25 -0.023738
7269.00 -0.024028
7271.75 -0.022944
7274.50 -0.022766
7277.25 -0.021865
7280.00 -0.022389
7282.75 -0.022450
7285.50 -0.022851
7288.25 -0.022325
7291.00 -0.023261
7293.75 -0.024286
7296.50 -0.023192
7299.25 -0.023067
7302.00 -0.022882
7304.75 -0.022398
7307.50 -0.023331
7310.25 -0.023618
7313.00 -0.024115
7315.75 -0.024116
7318.50 -0.024747
7321.25 -0.024729
7324.00 -0.024413
7326.75 -0.023179
7329.50 -0.023256
7332.25 -0.023763
7335.00 -0.023600
7337.75 -0.024110
7340.50 -0.024519
7343.25 -0.024229
7346.00 -0.024376
7348.75 -0.023734
7351.50 -0.024483
7354.25 -0.023642
7357.00 -0.023745
7359.75 -0.023296
7362.50 -0.023696
7365.25 -0.023603
7368.00 -0.023303
7370.75 -0.023968
7373.50 -0.024499
7376.25 -0.026118
7379.00 -0.023445
7381.75 -0.024409
7384.50 -0.025211
7387.25 -0.023236
7390.00 -0.025186
7392.75 -0.024958
7395.50 -0.023879
7398.25 -0.024736
7401.00 -0.024999
7403.75 -0.024123
7406.50 -0.025235
7409.25 -0.025577
7412.00 -0.025652
7414.75 -0.024516
7417.50 -0.024050
7420.25 -0.022814
7423.00 -0.022871
7425.75 -0.024126
7428.50 -0.023494
7431.25 -0.023618
7434.00 -0.024155
7436.75 -0.024420
7439.50 -0.024656
7442.25 -0.024796
7445.00 -0.025727
7447.75 -0.024438
7450.50 -0.025172
7453.25 -0.025095
7456.00 -0.025514
7458.75 -0.025398
7461.50 -0.024688
7464.25 -0.024053
7467.00 -0.022194
7469.75 -0.023745
7472.50 -0.023816
7475.25 -0.024602
7478.00 -0.025029
7480.75 -0.024042
7483.50 -0.025033
7486.25 -0.025330
7489.00 -0.024816
7491.75 -0.024141
7494.50 -0.023598
7497.25 -0.025486
7500.00 -0.023960
7502.75 -0.023531
7505.50 -0.024327
7508.25 -0.024752
7511.00 -0.024506
7513.75 -0.021779
7516.50 -0.022766
7519.25 -0.025125
7522.00 -0.025357
7524.75 -0.023970
7527.50 -0.022598
7530.25 -0.023741
7533.00 -0.023113
7535.75 -0.022942
7538.50 -0.021518
7541.25 -0.022765
7544.00 -0.023920
7546.75 -0.022680
7549.50 -0.021682
7552.25 -0.024082
7555.00 -0.022258
7557.75 -0.022649
7560.50 -0.021433
7563.25 -0.023466
7566.00 -0.023109
7568.75 -0.023023
7571.50 -0.022449
7574.25 -0.021763
7577.00 -0.022846
7579.75 -0.022875
7582.50 -0.022294
7585.25 -0.022850
7588.00 -0.022771
7590.75 -0.022762
7593.50 -0.022843
7596.25 -0.022797
7599.00 -0.021569
7601.75 -0.021529
7604.50 -0.021017
7607.25 -0.022923
7610.00 -0.024239
7612.75 -0.022242
7615.50 -0.020279
7618.25 -0.020688
7621.00 -0.022720
7623.75 -0.025060
7626.50 -0.022044
7629.25 -0.021127
7632.00 -0.021310
7634.75 -0.022101
7637.50 -0.022837
7640.25 -0.022898
7643.00 -0.021771
7645.75 -0.022887
7648.50 -0.021545
7651.25 -0.022773
7654.00 -0.022434
7656.75 -0.021895
7659.50 -0.022697
7662.25 -0.022586
7665.00 -0.022638
7667.75 -0.020200
7670.50 -0.021390
7673.25 -0.022801
7676.00 -0.022936
7678.75 -0.022101
7681.50 -0.022306
7684.25 -0.023172
7687.00 -0.022933
7689.75 -0.020978
7692.50 -0.022155
7695.25 -0.025257
7698.00 -0.023468
7700.75 -0.022026
7703.50 -0.023331
7706.25 -0.022700
7709.00 -0.024547
7711.75 -0.023581
7714.50 -0.023394
7717.25 -0.023564
7720.00 -0.022981
7722.75 -0.024450
7725.50 -0.022643
7728.25 -0.022585
7731.00 -0.022455
7733.75 -0.021827
7736.50 -0.022696
7739.25 -0.021974
7742.00 -0.022020
7744.75 -0.021770
7747.50 -0.021116
7750.25 -0.021905
7753.00 -0.021792
7755.75 -0.021749
7758.50 -0.021393
7761.25 -0.021569
7764.00 -0.020619
7766.75 -0.024870
7769.50 -0.023827
7772.25 -0.022418
7775.00 -0.023453
7777.75 -0.024113
7780.50 -0.024268
7783.25 -0.023020
7786.00 -0.024508
7788.75 -0.025285
7791.50 -0.024723
7794.25 -0.025701
7797.00 -0.024761
7799.75 -0.025942
7802.50 -0.026838
7805.25 -0.029016
7808.00 -0.030594
7810.75 -0.029004
7813.50 -0.031305
7816.25 -0.029518
7819.00 -0.030971
7821.75 -0.028858
7824.50 -0.030754
7827.25 -0.030551
7830.00 -0.028395
7832.75 -0.030591
7835.50 -0.029224
7838.25 -0.029489
7841.00 -0.027955
7843.75 -0.029296
7846.50 -0.028948
7849.25 -0.028476
7852.00 -0.029645
7854.75 -0.028296
7857.50 -0.028875
7860.25 -0.028143
7863.00 -0.029739
7865.75 -0.031747
7868.50 -0.031057
7871.25 -0.030974
7874.00 -0.029750
7876.75 -0.028050
7879.50 -0.027864
7882.25 -0.027495
7885.00 -0.029634
7887.75 -0.026304
7890.50 -0.025855
7893.25 -0.027589
7896.00 -0.026433
7898.75 -0.025190
7901.50 -0.026506
7904.25 -0.025631
7907.00 -0.027583
7909.75 -0.028587
7912.50 -0.027523
7915.25 -0.026496
7918.00 -0.029658
7920.75 -0.027369
7923.50 -0.025749
7926.25 -0.026753
7929.00 -0.025809
7931.75 -0.024291
7934.50 -0.025146
7937.25 -0.026361
7940.00 -0.023935
7942.75 -0.026419
7945.50 -0.025326
7948.25 -0.026398
7951.00 -0.024975
7953.75 -0.024703
7956.50 -0.025179
7959.25 -0.024196
7962.00 -0.024758
7964.75 -0.024907
7967.50 -0.024846
7970.25 -0.024823
7973.00 -0.023184
7975.75 -0.024773
7978.50 -0.023935
7981.25 -0.023937
7984.00 -0.025419
7986.75 -0.026466
7989.50 -0.022838
7992.25 -0.023902
7995.00 -0.023176
7997.75 -0.025274
