900.00 0.030507
902.75 0.033290
905.50 0.037717
908.25 0.033627
911.00 0.043048
913.75 0.044228
916.50 0.041356
919.25 0.043949
922.00 0.042510
924.75 0.042431
927.50 0.044325
930.25 0.045077
933.00 0.048898
935.75 0.045201
938.50 0.046078
941.25 0.046627
944.00 0.050910
946.75 0.045770
949.50 0.044425
952.25 0.050817
955.00 0.046245
957.75 0.047632
960.50 0.049845
963.25 0.047669
966.00 0.047863
968.75 0.039796
971.50 0.041334
974.25 0.043142
977.00 0.050526
979.75 0.050346
982.50 0.030636
985.25 0.031497
988.00 0.028724
990.75 0.029621
993.50 0.025960
996.25 0.027453
999.00 0.018707
1001.75 0.014571
1004.50 0.022370
1007.25 0.021725
1010.00 0.022273
1012.75 0.026747
1015.50 0.029726
1018.25 0.030561
1021.00 0.025816
1023.75 0.031393
1026.50 0.024848
1029.25 0.013755
1032.00 0.018640
1034.75 0.029331
1037.50 0.044382
1040.25 0.052614
1043.00 0.043828
1045.75 0.031448
1048.50 0.037578
1051.25 0.038390
1054.00 0.037209
1056.75 0.035147
1059.50 0.028454
1062.25 0.027743
1065.00 0.025169
1067.75 0.021032
1070.50 0.016108
1073.25 0.021077
1076.00 0.018978
1078.75 0.016028
1081.50 0.010076
1084.25 0.003354
1087.00 0.013983
1089.75 0.013384
1092.50 0.009091
1095.25 0.012477
1098.00 0.012527
1100.75 0.011686
1103.50 0.018297
1106.25 0.014981
1109.00 0.011609
1111.75 0.007780
1114.50 0.010465
1117.25 0.016904
1120.00 0.015071
1122.75 0.002665
1125.50 0.003266
1128.25 0.005970
1131.00 0.005390
1133.75 0.000850
1136.50 0.006389
1139.25 -0.002945
1142.00 -0.004411
1144.75 -0.006301
1147.50 -0.006715
1150.25 -0.006786
1153.00 -0.011281
1155.75 -0.014572
1158.50 -0.019167
1161.25 -0.021244
1164.00 -0.034178
1166.75 -0.037655
1169.50 -0.034690
1172.25 -0.039383
1175.00 -0.046109
1177.75 -0.059512
1180.50 -0.063706
1183.25 -0.063015
1186.00 -0.083809
1188.75 -0.092849
1191.50 -0.100173
1194.25 -0.084989
1197.00 -0.117524
1199.75 -0.140053
1202.50 -0.186081
1205.25 -0.194085
1208.00 -0.243715
1210.75 -0.453609
1213.50 -0.226041
1216.25 0.299877
1219.00 0.331879
1221.75 0.184525
1224.50 0.049087
1227.25 -0.004269
1230.00 -0.036464
1232.75 -0.076691
1235.50 -0.083865
1238.25 -0.065020
1241.00 -0.023053
1243.75 -0.000867
1246.50 -0.006936
1249.25 -0.008239
1252.00 -0.010123
1254.75 -0.008072
1257.50 -0.011935
1260.25 -0.010655
1263.00 -0.008181
1265.75 -0.007021
1268.50 -0.006586
1271.25 -0.007502
1274.00 -0.003168
1276.75 -0.007052
1279.50 -0.003306
1282.25 -0.000875
1285.00 -0.002389
1287.75 -0.000087
1290.50 -0.003169
1293.25 -0.005434
1296.00 -0.008191
1298.75 -0.009273
1301.50 -0.009022
1304.25 -0.001277
1307.00 0.001588
1309.75 -0.000298
1312.50 -0.003341
1315.25 -0.005557
1318.00 -0.006689
1320.75 -0.009098
1323.50 -0.009976
1326.25 -0.010614
1329.00 -0.014616
1331.75 -0.015288
1334.50 -0.014393
1337.25 -0.011409
1340.00 -0.014064
1342.75 -0.014330
1345.50 -0.013127
1348.25 -0.014791
1351.00 -0.015357
1353.75 -0.016710
1356.50 -0.015693
1359.25 -0.017527
1362.00 -0.015128
1364.75 -0.011602
1367.50 -0.012444
1370.25 -0.012623
1373.00 -0.010044
1375.75 -0.011517
1378.50 -0.014043
1381.25 -0.017290
1384.00 -0.019406
1386.75 -0.023395
1389.50 -0.024764
1392.25 -0.023709
1395.00 -0.020192
1397.75 -0.021138
1400.50 -0.018714
1403.25 -0.010319
1406.00 -0.010022
1408.75 -0.010098
1411.50 -0.011060
1414.25 -0.009455
1417.00 -0.008779
1419.75 -0.009924
1422.50 -0.007967
1425.25 -0.007988
1428.00 -0.005320
1430.75 -0.005071
1433.50 -0.005382
1436.25 -0.004385
1439.00 -0.004784
1441.75 -0.004766
1444.50 -0.006052
1447.25 -0.003641
1450.00 -0.005276
1452.75 -0.005286
1455.50 -0.005328
1458.25 -0.005757
1461.00 -0.006432
1463.75 -0.006868
1466.50 -0.009201
1469.25 -0.007780
1472.00 -0.008708
1474.75 -0.010061
1477.50 -0.011034
1480.25 -0.011015
1483.00 -0.012770
1485.75 -0.013308
1488.50 -0.013527
1491.25 -0.014483
1494.00 -0.014675
1496.75 -0.017413
1499.50 -0.019291
1502.25 -0.020177
1505.00 -0.020282
1507.75 -0.018642
1510.50 -0.018833
1513.25 -0.015849
1516.00 -0.014743
1518.75 -0.015876
1521.50 -0.017609
1524.25 -0.017991
1527.00 -0.023277
1529.75 -0.034479
1532.50 -0.043375
1535.25 -0.053139
1538.00 -0.062318
1540.75 -0.071310
1543.50 -0.071657
1546.25 -0.057154
1549.00 -0.025254
1551.75 -0.005006
1554.50 -0.007352
1557.25 -0.013011
1560.00 -0.014358
1562.75 -0.012182
1565.50 -0.012348
1568.25 -0.011352
1571.00 -0.009436
1573.75 -0.008280
1576.50 -0.006600
1579.25 -0.005752
1582.00 -0.004831
1584.75 -0.002979
1587.50 -0.002761
1590.25 -0.003149
1593.00 -0.001814
1595.75 -0.001028
1598.50 -0.000279
1601.25 0.000110
1604.00 0.000514
1606.75 0.000045
1609.50 0.001177
1612.25 0.001256
1615.00 0.001426
1617.75 0.001631
1620.50 0.002913
1623.25 0.003299
1626.00 0.002354
1628.75 0.001928
1631.50 0.002500
1634.25 0.002507
1637.00 0.003701
1639.75 0.005300
1642.50 0.005330
1645.25 0.004905
1648.00 0.005076
1650.75 0.005299
1653.50 0.005131
1656.25 0.004854
1659.00 0.005399
1661.75 0.005885
1664.50 0.006723
1667.25 0.007465
1670.00 0.007405
1672.75 0.007524
1675.50 0.007047
1678.25 0.007553
1681.00 0.008233
1683.75 0.008013
1686.50 0.008218
1689.25 0.009022
1692.00 0.008646
1694.75 0.008987
1697.50 0.009624
1700.25 0.008809
1703.00 0.008735
1705.75 0.009667
1708.50 0.010107
1711.25 0.009692
1714.00 0.009825
1716.75 0.009413
1719.50 0.009213
1722.25 0.009756
1725.00 0.009519
1727.75 0.009727
1730.50 0.008922
1733.25 0.010181
1736.00 0.010016
1738.75 0.010315
1741.50 0.010517
1744.25 0.010405
1747.00 0.010589
1749.75 0.010848
1752.50 0.010822
1755.25 0.011186
1758.00 0.010691
1760.75 0.011109
1763.50 0.011448
1766.25 0.011609
1769.00 0.010962
1771.75 0.010574
1774.50 0.010848
1777.25 0.010653
1780.00 0.010117
1782.75 0.010535
1785.50 0.010901
1788.25 0.010560
1791.00 0.011244
1793.75 0.010735
1796.50 0.010509
1799.25 0.010549
1802.00 0.010111
1804.75 0.010493
1807.50 0.010586
1810.25 0.010377
1813.00 0.010866
1815.75 0.010597
1818.50 0.011104
1821.25 0.010614
1824.00 0.010790
1826.75 0.010242
1829.50 0.009696
1832.25 0.009352
1835.00 0.010058
1837.75 0.010551
1840.50 0.010462
1843.25 0.010242
1846.00 0.009710
1848.75 0.009385
1851.50 0.009374
1854.25 0.009594
1857.00 0.008578
1859.75 0.008583
1862.50 0.008497
1865.25 0.009531
1868.00 0.009445
1870.75 0.009015
1873.50 0.009021
1876.25 0.008641
1879.00 0.008910
1881.75 0.008314
1884.50 0.008450
1887.25 0.008129
1890.00 0.008500
1892.75 0.008750
1895.50 0.008676
1898.25 0.007758
1901.00 0.007597
1903.75 0.007830
1906.50 0.010873
1909.25 0.013791
1912.00 0.014353
1914.75 0.013621
1917.50 0.012737
1920.25 0.011771
1923.00 0.011308
1925.75 0.010964
1928.50 0.011502
1931.25 0.010936
1934.00 0.011105
1936.75 0.010151
1939.50 0.010470
1942.25 0.010183
1945.00 0.010464
1947.75 0.010793
1950.50 0.011097
1953.25 0.010135
1956.00 0.010774
1958.75 0.011317
1961.50 0.010680
1964.25 0.010945
1967.00 0.010811
1969.75 0.011241
1972.50 0.011106
1975.25 0.011422
1978.00 0.011616
1980.75 0.011241
1983.50 0.011213
1986.25 0.011267
1989.00 0.011274
1991.75 0.011716
1994.50 0.011359
1997.25 0.011125
2000.00 0.011391
2002.75 0.011652
2005.50 0.011449
2008.25 0.011705
2011.00 0.011392
2013.75 0.011515
2016.50 0.011315
2019.25 0.011537
2022.00 0.011168
2024.75 0.011114
2027.50 0.011680
2030.25 0.011289
2033.00 0.011283
2035.75 0.010875
2038.50 0.011388
2041.25 0.011097
2044.00 0.010778
2046.75 0.010676
2049.50 0.010636
2052.25 0.010527
2055.00 0.010515
2057.75 0.010818
2060.50 0.010102
2063.25 0.010463
2066.00 0.010593
2068.75 0.010477
2071.50 0.010591
2074.25 0.010624
2077.00 0.010232
2079.75 0.010400
2082.50 0.010133
2085.25 0.010460
2088.00 0.010624
2090.75 0.010002
2093.50 0.010284
2096.25 0.009781
2099.00 0.009866
2101.75 0.009952
2104.50 0.009687
2107.25 0.009991
2110.00 0.010009
2112.75 0.010694
2115.50 0.010089
2118.25 0.009964
2121.00 0.009832
2123.75 0.009836
2126.50 0.009450
2129.25 0.009979
2132.00 0.009750
2134.75 0.009637
2137.50 0.009217
2140.25 0.009736
2143.00 0.009476
2145.75 0.009513
2148.50 0.009283
2151.25 0.008832
2154.00 0.008871
2156.75 0.008904
2159.50 0.008932
2162.25 0.008806
2165.00 0.008892
2167.75 0.009423
2170.50 0.008720
2173.25 0.008620
2176.00 0.008827
2178.75 0.008934
2181.50 0.008859
2184.25 0.008386
2187.00 0.008945
2189.75 0.009301
2192.50 0.006835
2195.25 0.009035
2198.00 0.008903
2200.75 0.008721
2203.50 0.008837
2206.25 0.008347
2209.00 0.008562
2211.75 0.008602
2214.50 0.008733
2217.25 0.008713
2220.00 0.008600
2222.75 0.008812
2225.50 0.009020
2228.25 0.008832
2231.00 0.008792
2233.75 0.008557
2236.50 0.008377
2239.25 0.008294
2242.00 0.008872
2244.75 0.008648
2247.50 0.008767
2250.25 0.008770
2253.00 0.008639
2255.75 0.008739
2258.50 0.008558
2261.25 0.008739
2264.00 0.008591
2266.75 0.008582
2269.50 0.008476
2272.25 0.008321
2275.00 0.003198
2277.75 0.007061
2280.50 0.008257
2283.25 0.007599
2286.00 0.008500
2288.75 0.008436
2291.50 0.008755
2294.25 0.009132
2297.00 0.009067
2299.75 0.009054
2302.50 0.008983
2305.25 0.009760
2308.00 0.009453
2310.75 0.009728
2313.50 0.009817
2316.25 0.009551
2319.00 0.009628
2321.75 0.010185
2324.50 0.009273
2327.25 0.009692
2330.00 0.009265
2332.75 0.009734
2335.50 0.009073
2338.25 0.008939
2341.00 0.008490
2343.75 0.009008
2346.50 0.008958
2349.25 0.009011
2352.00 0.008597
2354.75 0.009076
2357.50 0.009495
2360.25 0.009102
2363.00 0.010012
2365.75 0.009533
2368.50 0.009052
2371.25 0.008615
2374.00 0.008551
2376.75 0.008790
2379.50 0.009261
2382.25 0.008993
2385.00 0.008680
2387.75 0.008750
2390.50 0.008791
2393.25 0.009079
2396.00 0.009882
2398.75 0.009593
2401.50 0.009921
2404.25 0.010024
2407.00 0.010098
2409.75 0.009844
2412.50 0.010003
2415.25 0.009947
2418.00 0.009867
2420.75 0.009655
2423.50 0.009657
2426.25 0.010165
2429.00 0.010019
2431.75 0.010109
2434.50 0.009538
2437.25 0.009051
2440.00 0.009375
2442.75 0.008948
2445.50 0.009059
2448.25 0.009039
2451.00 0.009242
2453.75 0.009064
2456.50 0.009076
2459.25 0.008772
2462.00 0.009152
2464.75 0.009445
2467.50 0.009640
2470.25 0.009845
2473.00 0.009135
2475.75 0.009495
2478.50 0.009173
2481.25 0.009487
2484.00 0.009407
2486.75 0.009580
2489.50 0.008853
2492.25 0.009363
2495.00 0.009118
2497.75 0.009913
2500.50 0.009592
2503.25 0.010053
2506.00 0.009741
2508.75 0.009541
2511.50 0.009102
2514.25 0.009107
2517.00 0.008957
2519.75 0.008968
2522.50 0.009691
2525.25 0.008691
2528.00 0.008892
2530.75 0.008495
2533.50 0.008590
2536.25 0.008298
2539.00 0.008697
2541.75 0.008726
2544.50 0.008888
2547.25 0.008450
2550.00 0.008647
2552.75 0.008824
2555.50 0.008729
2558.25 0.008983
2561.00 0.009606
2563.75 0.009202
2566.50 0.009052
2569.25 0.008900
2572.00 0.009174
2574.75 0.009686
2577.50 0.009501
2580.25 0.009144
2583.00 0.009008
2585.75 0.009291
2588.50 0.008926
2591.25 0.008806
2594.00 0.008327
2596.75 0.008334
2599.50 0.008653
2602.25 0.008111
2605.00 0.008260
2607.75 0.008863
2610.50 0.008732
2613.25 0.009415
2616.00 0.008717
2618.75 0.009110
2621.50 0.008696
2624.25 0.008693
2627.00 0.008692
2629.75 0.008753
2632.50 0.008733
2635.25 0.009210
2638.00 0.008858
2640.75 0.009323
2643.50 0.008784
2646.25 0.009053
2649.00 0.008425
2651.75 0.009240
2654.50 0.008819
2657.25 0.008530
2660.00 0.008352
2662.75 0.008449
2665.50 0.008109
2668.25 0.008707
2671.00 0.008603
2673.75 0.008401
2676.50 0.008425
2679.25 0.008044
2682.00 0.007697
2684.75 0.007844
2687.50 0.008318
2690.25 0.007883
2693.00 0.008498
2695.75 0.007744
2698.50 0.008321
2701.25 0.008796
2704.00 0.008450
2706.75 0.009607
2709.50 0.009034
2712.25 0.008908
2715.00 0.008173
2717.75 0.008708
2720.50 0.008833
2723.25 0.008717
2726.00 0.008404
2728.75 0.008602
2731.50 0.008743
2734.25 0.008802
2737.00 0.009187
2739.75 0.008810
2742.50 0.009750
2745.25 0.008795
2748.00 0.008411
2750.75 0.007918
2753.50 0.007490
2756.25 0.009001
2759.00 0.009154
2761.75 0.008268
2764.50 0.008435
2767.25 0.008698
2770.00 0.009303
2772.75 0.007677
2775.50 0.008717
2778.25 0.009262
2781.00 0.009296
2783.75 0.009886
2786.50 0.009673
2789.25 0.011349
2792.00 0.012378
2794.75 0.012836
2797.50 0.013181
2800.25 0.012009
2803.00 0.012989
2805.75 0.011314
2808.50 0.010631
2811.25 0.010887
2814.00 0.010176
2816.75 0.009152
2819.50 0.009288
2822.25 0.008865
2825.00 0.008401
2827.75 0.007911
2830.50 0.008640
2833.25 0.008202
2836.00 0.008209
2838.75 0.008871
2841.50 0.008232
2844.25 0.008322
2847.00 0.008836
2849.75 0.008628
2852.50 0.008111
2855.25 0.007677
2858.00 0.008154
2860.75 0.006486
2863.50 0.007171
2866.25 0.006699
2869.00 0.007117
2871.75 0.007138
2874.50 0.007915
2877.25 0.007860
2880.00 0.007353
2882.75 0.007574
2885.50 0.006949
2888.25 0.006922
2891.00 0.007681
2893.75 0.007958
2896.50 0.007039
2899.25 0.007503
2902.00 0.006675
2904.75 0.005926
2907.50 0.006870
2910.25 0.006968
2913.00 0.005627
2915.75 0.007029
2918.50 0.006799
2921.25 0.006813
2924.00 0.007697
2926.75 0.007503
2929.50 0.006883
2932.25 0.006967
2935.00 0.007228
2937.75 0.007672
2940.50 0.008189
2943.25 0.007484
2946.00 0.007543
2948.75 0.006922
2951.50 0.007267
2954.25 0.006760
2957.00 0.006885
2959.75 0.006465
2962.50 0.007500
2965.25 0.007236
2968.00 0.006359
2970.75 0.007595
2973.50 0.008011
2976.25 0.007319
2979.00 0.007289
2981.75 0.006762
2984.50 0.007549
2987.25 0.006926
2990.00 0.005724
2992.75 0.006355
2995.50 0.007016
2998.25 0.006254
3001.00 0.007082
3003.75 0.007484
3006.50 0.005809
3009.25 0.006176
3012.00 0.006130
3014.75 0.005850
3017.50 0.006138
3020.25 0.005714
3023.00 0.006262
3025.75 0.005002
3028.50 0.004397
3031.25 0.005375
3034.00 0.005450
3036.75 0.005563
3039.50 0.005577
3042.25 0.005849
3045.00 0.004915
3047.75 0.005005
3050.50 0.005515
3053.25 0.005061
3056.00 0.006027
3058.75 0.005206
3061.50 0.006397
3064.25 0.005698
3067.00 0.006197
3069.75 0.005851
3072.50 0.004690
3075.25 0.005848
3078.00 0.006014
3080.75 0.005473
3083.50 0.004988
3086.25 0.004728
3089.00 0.005520
3091.75 0.004807
3094.50 0.005595
3097.25 0.005042
3100.00 0.005621
3102.75 0.006217
3105.50 0.005925
3108.25 0.005823
3111.00 0.004801
3113.75 0.005521
3116.50 0.005933
3119.25 0.005814
3122.00 0.005220
3124.75 0.005085
3127.50 0.004448
3130.25 0.005060
3133.00 0.004976
3135.75 0.003953
3138.50 0.003818
3141.25 0.004236
3144.00 0.004473
3146.75 0.005488
3149.50 0.004220
3152.25 0.003995
3155.00 0.004122
3157.75 0.005102
3160.50 0.004592
3163.25 0.005339
3166.00 0.004584
3168.75 0.004932
3171.50 0.004526
3174.25 0.004578
3177.00 0.005113
3179.75 0.005670
3182.50 0.005783
3185.25 0.004170
3188.00 0.005321
3190.75 0.004348
3193.50 0.004994
3196.25 0.004870
3199.00 0.003810
3201.75 0.003048
3204.50 0.003732
3207.25 0.003383
3210.00 0.004392
3212.75 0.004158
3215.50 0.004210
3218.25 0.004623
3221.00 0.004419
3223.75 0.004370
3226.50 0.004442
3229.25 0.004400
3232.00 0.005301
3234.75 0.003953
3237.50 0.004271
3240.25 0.004027
3243.00 0.003354
3245.75 0.002941
3248.50 0.003732
3251.25 0.003519
3254.00 0.004010
3256.75 0.003614
3259.50 0.003341
3262.25 0.003036
3265.00 0.003173
3267.75 0.002713
3270.50 0.003607
3273.25 0.003938
3276.00 0.003679
3278.75 0.003320
3281.50 0.002802
3284.25 0.002669
3287.00 0.003620
3289.75 0.002233
3292.50 0.002888
3295.25 0.002937
3298.00 0.003048
3300.75 0.002306
3303.50 0.002665
3306.25 0.003652
3309.00 0.003202
3311.75 0.003715
3314.50 0.003372
3317.25 0.003124
3320.00 0.002550
3322.75 0.002748
3325.50 0.003039
3328.25 0.002999
3331.00 0.002554
3333.75 0.002763
3336.50 0.001624
3339.25 0.003292
3342.00 0.001991
3344.75 0.000691
3347.50 0.003738
3350.25 0.003228
3353.00 0.002291
3355.75 0.002199
3358.50 0.002406
3361.25 0.002467
3364.00 0.002742
3366.75 0.002186
3369.50 0.002349
3372.25 0.002981
3375.00 0.001249
3377.75 0.002327
3380.50 0.001918
3383.25 0.002510
3386.00 0.001849
3388.75 0.002015
3391.50 0.001629
3394.25 0.001376
3397.00 0.001793
3399.75 0.001784
3402.50 0.001938
3405.25 0.001204
3408.00 0.002353
3410.75 0.001750
3413.50 0.002458
3416.25 0.002547
3419.00 0.000216
3421.75 -0.000747
3424.50 -0.001423
3427.25 -0.000377
3430.00 0.000331
3432.75 0.001657
3435.50 0.001380
3438.25 0.001240
3441.00 0.001694
3443.75 0.001534
3446.50 0.000636
3449.25 0.000848
3452.00 0.000886
3454.75 0.000521
3457.50 -0.000558
3460.25 0.000965
3463.00 0.001418
3465.75 0.000401
3468.50 0.000239
3471.25 0.000683
3474.00 0.001612
3476.75 0.001355
3479.50 0.000288
3482.25 0.001590
3485.00 0.000961
3487.75 0.001840
3490.50 0.000913
3493.25 0.001097
3496.00 0.001073
3498.75 0.001667
3501.50 0.000620
3504.25 0.000415
3507.00 0.000661
3509.75 -0.000322
3512.50 0.000324
3515.25 0.000794
3518.00 -0.000173
3520.75 -0.000578
3523.50 -0.000623
3526.25 -0.000178
3529.00 0.000167
3531.75 -0.000799
3534.50 -0.000586
3537.25 -0.000875
3540.00 -0.000966
3542.75 -0.001251
3545.50 -0.001245
3548.25 -0.001002
3551.00 -0.001073
3553.75 -0.001585
3556.50 -0.001642
3559.25 -0.001843
3562.00 -0.000936
3564.75 -0.001392
3567.50 -0.000533
3570.25 -0.000484
3573.00 -0.001438
3575.75 -0.000459
3578.50 -0.000298
3581.25 -0.000282
3584.00 0.000789
3586.75 -0.000177
3589.50 -0.000965
3592.25 -0.001321
3595.00 -0.000846
3597.75 -0.001734
3600.50 -0.001656
3603.25 -0.001608
3606.00 -0.001728
3608.75 -0.001730
3611.50 -0.001285
3614.25 -0.000771
3617.00 -0.001181
3619.75 -0.001251
3622.50 -0.000323
3625.25 -0.001598
3628.00 -0.001536
3630.75 -0.002324
3633.50 -0.002092
3636.25 -0.002336
3639.00 -0.002784
3641.75 -0.002488
3644.50 -0.001629
3647.25 -0.001487
3650.00 -0.001312
3652.75 -0.002500
3655.50 -0.003004
3658.25 -0.003033
3661.00 -0.003334
3663.75 -0.002773
3666.50 -0.002714
3669.25 -0.003177
3672.00 -0.002824
3674.75 -0.002699
3677.50 -0.002081
3680.25 -0.002396
3683.00 -0.002279
3685.75 -0.002435
3688.50 -0.002026
3691.25 -0.002314
3694.00 -0.001721
3696.75 -0.003361
3699.50 -0.003383
3702.25 -0.003121
3705.00 -0.002642
3707.75 -0.001851
3710.50 -0.002503
3713.25 -0.002900
3716.00 -0.003691
3718.75 -0.002955
3721.50 -0.004099
3724.25 -0.005448
3727.00 -0.013014
3729.75 -0.015659
3732.50 -0.009121
3735.25 -0.002608
3738.00 -0.001413
3740.75 -0.002929
3743.50 -0.003297
3746.25 -0.003056
3749.00 -0.002629
3751.75 -0.003153
3754.50 -0.003994
3757.25 -0.004262
3760.00 -0.004702
3762.75 -0.004074
3765.50 -0.004009
3768.25 -0.004113
3771.00 -0.003204
3773.75 -0.004004
3776.50 -0.005017
3779.25 -0.004905
3782.00 -0.006606
3784.75 -0.005437
3787.50 -0.005500
3790.25 -0.004925
3793.00 -0.005509
3795.75 -0.005423
3798.50 -0.004802
3801.25 -0.004516
3804.00 -0.006227
3806.75 -0.006176
3809.50 -0.004756
3812.25 -0.006344
3815.00 -0.005575
3817.75 -0.001766
3820.50 -0.006691
3823.25 0.000726
3826.00 -0.003490
3828.75 -0.005857
3831.50 -0.000780
3834.25 -0.007938
3837.00 -0.004775
3839.75 -0.005955
3842.50 -0.004036
3845.25 -0.005231
3848.00 0.003624
3850.75 -0.005474
3853.50 -0.005792
3856.25 -0.003479
3859.00 -0.006348
3861.75 -0.008639
3864.50 -0.013055
3867.25 -0.005897
3870.00 -0.009356
3872.75 -0.015034
3875.50 0.001791
3878.25 -0.000670
3881.00 -0.004164
3883.75 -0.007105
3886.50 -0.003766
3889.25 -0.006993
3892.00 -0.004364
3894.75 -0.011189
3897.50 -0.004325
3900.25 -0.004058
3903.00 -0.007825
3905.75 -0.005695
3908.50 -0.010972
3911.25 -0.019760
3914.00 -0.005986
3916.75 -0.003637
3919.50 -0.005159
3922.25 -0.008973
3925.00 -0.006160
3927.75 -0.005610
3930.50 -0.013249
3933.25 -0.004500
3936.00 -0.003896
3938.75 -0.010154
3941.50 -0.004532
3944.25 -0.009460
3947.00 -0.005088
3949.75 -0.007665
3952.50 -0.002256
3955.25 -0.008977
3958.00 -0.010051
3960.75 -0.005010
3963.50 -0.004322
3966.25 -0.004357
3969.00 -0.003034
3971.75 -0.002223
3974.50 0.000750
3977.25 -0.001989
3980.00 -0.008872
3982.75 -0.009179
3985.50 -0.008423
3988.25 -0.014055
3991.00 -0.007124
3993.75 -0.009766
3996.50 -0.009697
3999.25 -0.005150
4002.00 -0.011121
4004.75 -0.012884
4007.50 -0.012320
4010.25 -0.012110
4013.00 -0.009472
4015.75 -0.012977
4018.50 -0.009163
4021.25 -0.006023
4024.00 -0.006922
4026.75 -0.007143
4029.50 -0.012249
4032.25 -0.006868
4035.00 -0.008526
4037.75 -0.007709
4040.50 -0.002695
4043.25 -0.009906
4046.00 -0.009690
4048.75 -0.007371
4051.50 -0.011076
4054.25 -0.009104
4057.00 -0.011415
4059.75 -0.012472
4062.50 -0.013298
4065.25 -0.011480
4068.00 -0.012481
4070.75 -0.005817
4073.50 -0.010856
4076.25 -0.011420
4079.00 -0.011753
4081.75 -0.010241
4084.50 -0.009855
4087.25 -0.010461
4090.00 -0.012145
4092.75 -0.014047
4095.50 -0.005211
4098.25 -0.010553
4101.00 -0.008496
4103.75 -0.009928
4106.50 -0.008107
4109.25 -0.007619
4112.00 -0.008729
4114.75 -0.010311
4117.50 -0.010478
4120.25 -0.007966
4123.00 -0.007313
4125.75 -0.004610
4128.50 -0.004143
4131.25 -0.008678
4134.00 -0.007986
4136.75 -0.008439
4139.50 -0.009010
4142.25 -0.011160
4145.00 -0.010041
4147.75 -0.007091
4150.50 -0.009678
4153.25 -0.006758
4156.00 -0.005642
4158.75 -0.012453
4161.50 -0.011244
4164.25 -0.011711
4167.00 -0.011084
4169.75 -0.008224
4172.50 -0.011357
4175.25 -0.009186
4178.00 -0.009821
4180.75 -0.008161
4183.50 -0.006658
4186.25 -0.011006
4189.00 -0.008221
4191.75 -0.008736
4194.50 -0.011038
4197.25 -0.010693
4200.00 -0.006220
4202.75 -0.008761
4205.50 -0.009972
4208.25 -0.010188
4211.00 -0.007882
4213.75 -0.007493
4216.50 -0.012082
4219.25 -0.010039
4222.00 -0.008008
4224.75 -0.005852
4227.50 -0.007095
4230.25 -0.007373
4233.00 -0.010108
4235.75 -0.009444
4238.50 -0.008436
4241.25 -0.009481
4244.00 -0.009406
4246.75 -0.007247
4249.50 -0.012316
4252.25 -0.013050
4255.00 -0.010097
4257.75 -0.008110
4260.50 -0.012410
4263.25 -0.009556
4266.00 -0.009182
4268.75 -0.008019
4271.50 -0.008933
4274.25 -0.009536
4277.00 -0.006805
4279.75 -0.008642
4282.50 -0.008963
4285.25 -0.008054
4288.00 -0.009646
4290.75 -0.007712
4293.50 -0.011196
4296.25 -0.006960
4299.00 -0.007090
4301.75 -0.004555
4304.50 -0.008395
4307.25 -0.007085
4310.00 -0.003107
4312.75 -0.008381
4315.50 -0.010274
4318.25 -0.010911
4321.00 -0.006086
4323.75 -0.010301
4326.50 -0.006428
4329.25 -0.004442
4332.00 -0.009892
4334.75 -0.009033
4337.50 -0.005991
4340.25 -0.006453
4343.00 -0.005781
4345.75 -0.005124
4348.50 -0.004050
4351.25 -0.005677
4354.00 -0.007280
4356.75 -0.009819
4359.50 -0.007580
4362.25 -0.010094
4365.00 -0.009788
4367.75 -0.007895
4370.50 -0.008560
4373.25 -0.005977
4376.00 -0.004678
4378.75 -0.006564
4381.50 -0.009020
4384.25 -0.007032
4387.00 -0.005115
4389.75 -0.006340
4392.50 -0.011033
4395.25 -0.008705
4398.00 -0.008566
4400.75 -0.010692
4403.50 -0.008609
4406.25 -0.007708
4409.00 -0.006669
4411.75 -0.008070
4414.50 -0.007109
4417.25 -0.008129
4420.00 -0.009278
4422.75 -0.011468
4425.50 -0.009731
4428.25 -0.013976
4431.00 -0.011011
4433.75 -0.008998
4436.50 -0.009236
4439.25 -0.009322
4442.00 -0.012320
4444.75 -0.011264
4447.50 -0.010144
4450.25 -0.011925
4453.00 -0.009507
4455.75 -0.007372
4458.50 -0.008389
4461.25 -0.009955
4464.00 -0.010911
4466.75 -0.012247
4469.50 -0.007478
4472.25 -0.010006
4475.00 -0.010793
4477.75 -0.012198
4480.50 -0.011170
4483.25 -0.011519
4486.00 -0.010498
4488.75 -0.013057
4491.50 -0.011558
4494.25 -0.010938
4497.00 -0.006982
4499.75 -0.010584
4502.50 -0.009965
4505.25 -0.013855
4508.00 -0.013712
4510.75 -0.012100
4513.50 -0.008185
4516.25 -0.010201
4519.00 -0.010728
4521.75 -0.012354
4524.50 -0.013207
4527.25 -0.011827
4530.00 -0.011320
4532.75 -0.009187
4535.50 -0.010477
4538.25 -0.012422
4541.00 -0.008193
4543.75 -0.011767
4546.50 -0.009031
4549.25 -0.011044
4552.00 -0.011255
4554.75 -0.008517
4557.50 -0.011293
4560.25 -0.012272
4563.00 -0.010881
4565.75 -0.010797
4568.50 -0.009633
4571.25 -0.009587
4574.00 -0.010847
4576.75 -0.010544
4579.50 -0.010689
4582.25 -0.010410
4585.00 -0.008315
4587.75 -0.008379
4590.50 -0.009956
4593.25 -0.010118
4596.00 -0.010899
4598.75 -0.011222
4601.50 -0.009189
4604.25 -0.010207
4607.00 -0.010184
4609.75 -0.008532
4612.50 -0.008811
4615.25 -0.012376
4618.00 -0.014878
4620.75 -0.009397
4623.50 -0.011362
4626.25 -0.012571
4629.00 -0.013793
4631.75 -0.012554
4634.50 -0.009745
4637.25 -0.009228
4640.00 -0.008463
4642.75 -0.012529
4645.50 -0.009570
4648.25 -0.010302
4651.00 -0.009997
4653.75 -0.011725
4656.50 -0.008767
4659.25 -0.007437
4662.00 -0.007726
4664.75 -0.009393
4667.50 -0.008045
4670.25 -0.008703
4673.00 -0.009140
4675.75 -0.010201
4678.50 -0.010559
4681.25 -0.007793
4684.00 -0.008662
4686.75 -0.009206
4689.50 -0.009176
4692.25 -0.010077
4695.00 -0.010115
4697.75 -0.009253
4700.50 -0.009827
4703.25 -0.008236
4706.00 -0.011015
4708.75 -0.010438
4711.50 -0.011709
4714.25 -0.011482
4717.00 -0.011452
4719.75 -0.011137
4722.50 -0.011261
4725.25 -0.011361
4728.00 -0.008997
4730.75 -0.008496
4733.50 -0.012008
4736.25 -0.011222
4739.00 -0.012396
4741.75 -0.011917
4744.50 -0.011158
4747.25 -0.012584
4750.00 -0.012151
4752.75 -0.009038
4755.50 -0.010367
4758.25 -0.010488
4761.00 -0.010038
4763.75 -0.011333
4766.50 -0.010464
4769.25 -0.010708
4772.00 -0.011159
4774.75 -0.013148
4777.50 -0.011789
4780.25 -0.012910
4783.00 -0.011422
4785.75 -0.015003
4788.50 -0.010766
4791.25 -0.013994
4794.00 -0.013157
4796.75 -0.013450
4799.50 -0.013060
4802.25 -0.011117
4805.00 -0.013081
4807.75 -0.010174
4810.50 -0.011333
4813.25 -0.010423
4816.00 -0.009796
4818.75 -0.011654
4821.50 -0.013742
4824.25 -0.013378
4827.00 -0.013196
4829.75 -0.009570
4832.50 -0.011475
4835.25 -0.010479
4838.00 -0.013032
4840.75 -0.010734
4843.50 -0.011842
4846.25 -0.008861
4849.00 -0.009315
4851.75 -0.006943
4854.50 -0.009200
4857.25 -0.008516
4860.00 -0.006625
4862.75 -0.010763
4865.50 -0.008090
4868.25 -0.007928
4871.00 -0.006752
4873.75 -0.006609
4876.50 -0.008707
4879.25 -0.006512
4882.00 -0.009663
4884.75 -0.007597
4887.50 -0.010434
4890.25 -0.012086
4893.00 -0.009654
4895.75 -0.007785
4898.50 -0.008133
4901.25 -0.010809
4904.00 -0.009873
4906.75 -0.008551
4909.50 -0.007185
4912.25 -0.008960
4915.00 -0.011043
4917.75 -0.010352
4920.50 -0.013729
4923.25 -0.010176
4926.00 -0.009192
4928.75 -0.008706
4931.50 -0.010314
4934.25 -0.011684
4937.00 -0.012462
4939.75 -0.010941
4942.50 -0.011827
4945.25 -0.011314
4948.00 -0.010687
4950.75 -0.011439
4953.50 -0.013897
4956.25 -0.013260
4959.00 -0.009981
4961.75 -0.012134
4964.50 -0.010037
4967.25 -0.009901
4970.00 -0.012680
4972.75 -0.011638
4975.50 -0.013313
4978.25 -0.011855
4981.00 -0.010779
4983.75 -0.007859
4986.50 -0.009922
4989.25 -0.008651
4992.00 -0.008750
4994.75 -0.010188
4997.50 -0.010721
5000.25 -0.010549
5003.00 -0.010066
5005.75 -0.009718
5008.50 -0.009421
5011.25 -0.011195
5014.00 -0.009215
5016.75 -0.009523
5019.50 -0.010202
5022.25 -0.009271
5025.00 -0.011689
5027.75 -0.010598
5030.50 -0.010968
5033.25 -0.010109
5036.00 -0.011724
5038.75 -0.011838
5041.50 -0.010281
5044.25 -0.010516
5047.00 -0.010804
5049.75 -0.011547
5052.50 -0.009287
5055.25 -0.010401
5058.00 -0.009939
5060.75 -0.010748
5063.50 -0.011071
5066.25 -0.008986
5069.00 -0.010420
5071.75 -0.009993
5074.50 -0.009729
5077.25 -0.010030
5080.00 -0.009282
5082.75 -0.009968
5085.50 -0.007719
5088.25 -0.010575
5091.00 -0.008586
5093.75 -0.010636
5096.50 -0.010734
5099.25 -0.010431
5102.00 -0.008063
5104.75 -0.009785
5107.50 -0.006857
5110.25 -0.008295
5113.00 -0.010819
5115.75 -0.010157
5118.50 -0.008986
5121.25 -0.009483
5124.00 -0.009067
5126.75 -0.006111
5129.50 -0.007993
5132.25 -0.008235
5135.00 -0.006231
5137.75 -0.007093
5140.50 -0.008622
5143.25 -0.009432
5146.00 -0.006920
5148.75 -0.007079
5151.50 -0.006805
5154.25 -0.009636
5157.00 -0.008305
5159.75 -0.007340
5162.50 -0.007651
5165.25 -0.006028
5168.00 -0.005558
5170.75 -0.007480
5173.50 -0.007898
5176.25 -0.005588
5179.00 -0.004192
5181.75 -0.005532
5184.50 -0.005248
5187.25 -0.006618
5190.00 -0.008323
5192.75 -0.009919
5195.50 -0.006558
5198.25 -0.007482
5201.00 -0.007261
5203.75 -0.007094
5206.50 -0.007416
5209.25 -0.006345
5212.00 -0.006396
5214.75 -0.007172
5217.50 -0.008885
5220.25 -0.008083
5223.00 -0.006097
5225.75 -0.008934
5228.50 -0.007663
5231.25 -0.006710
5234.00 -0.007214
5236.75 -0.007752
5239.50 -0.008343
5242.25 -0.009311
5245.00 -0.008892
5247.75 -0.008677
5250.50 -0.007896
5253.25 -0.007907
5256.00 -0.009347
5258.75 -0.006525
5261.50 -0.007606
5264.25 -0.008087
5267.00 -0.007749
5269.75 -0.008616
5272.50 -0.007128
5275.25 -0.006860
5278.00 -0.006941
5280.75 -0.008637
5283.50 -0.009081
5286.25 -0.008817
5289.00 -0.009149
5291.75 -0.008605
5294.50 -0.007429
5297.25 -0.008541
5300.00 -0.007666
5302.75 -0.007908
5305.50 -0.009871
5308.25 -0.007942
5311.00 -0.009071
5313.75 -0.009712
5316.50 -0.008820
5319.25 -0.009026
5322.00 -0.010022
5324.75 -0.009153
5327.50 -0.008362
5330.25 -0.008002
5333.00 -0.009250
5335.75 -0.008781
5338.50 -0.008733
5341.25 -0.009063
5344.00 -0.007967
5346.75 -0.009050
5349.50 -0.007682
5352.25 -0.008427
5355.00 -0.009594
5357.75 -0.007200
5360.50 -0.008840
5363.25 -0.008377
5366.00 -0.008743
5368.75 -0.008626
5371.50 -0.008008
5374.25 -0.008319
5377.00 -0.008379
5379.75 -0.011608
5382.50 -0.008926
5385.25 -0.009723
5388.00 -0.009401
5390.75 -0.008360
5393.50 -0.007237
5396.25 -0.007277
5399.00 -0.008604
5401.75 -0.006838
5404.50 -0.008621
5407.25 -0.008560
5410.00 -0.007818
5412.75 -0.008472
5415.50 -0.008514
5418.25 -0.008747
5421.00 -0.008007
5423.75 -0.008645
5426.50 -0.007723
5429.25 -0.008537
5432.00 -0.007024
5434.75 -0.007562
5437.50 -0.007727
5440.25 -0.009453
5443.00 -0.008016
5445.75 -0.010271
5448.50 -0.010112
5451.25 -0.010037
5454.00 -0.008441
5456.75 -0.009627
5459.50 -0.008826
5462.25 -0.009374
5465.00 -0.007398
5467.75 -0.007040
5470.50 -0.006092
5473.25 -0.007420
5476.00 -0.008203
5478.75 -0.007761
5481.50 -0.009607
5484.25 -0.009360
5487.00 -0.007415
5489.75 -0.007735
5492.50 -0.007839
5495.25 -0.008687
5498.00 -0.009185
5500.75 -0.007105
5503.50 -0.007616
5506.25 -0.006735
5509.00 -0.009466
5511.75 -0.008329
5514.50 -0.007450
5517.25 -0.009951
5520.00 -0.007450
5522.75 -0.008545
5525.50 -0.008832
5528.25 -0.008899
5531.00 -0.009135
5533.75 -0.007797
5536.50 -0.008470
5539.25 -0.008000
5542.00 -0.007219
5544.75 -0.007431
5547.50 -0.007204
5550.25 -0.006693
5553.00 -0.008630
5555.75 -0.007496
5558.50 -0.006409
5561.25 -0.007262
5564.00 -0.007083
5566.75 -0.006907
5569.50 -0.006127
5572.25 -0.003278
5575.00 -0.003675
5577.75 -0.003439
5580.50 -0.003224
5583.25 -0.003236
5586.00 -0.003681
5588.75 -0.008235
5591.50 -0.006822
5594.25 -0.005443
5597.00 -0.005656
5599.75 -0.007115
5602.50 -0.006188
5605.25 -0.005056
5608.00 -0.005543
5610.75 -0.005413
5613.50 -0.006185
5616.25 -0.004991
5619.00 -0.004514
5621.75 -0.007418
5624.50 -0.006811
5627.25 -0.005266
5630.00 -0.005233
5632.75 -0.007522
5635.50 -0.005611
5638.25 -0.005862
5641.00 -0.005485
5643.75 -0.005799
5646.50 -0.006364
5649.25 -0.006882
5652.00 -0.004952
5654.75 -0.004426
5657.50 -0.006488
5660.25 -0.003518
5663.00 -0.004952
5665.75 -0.006186
5668.50 -0.004633
5671.25 -0.006012
5674.00 -0.004958
5676.75 -0.004789
5679.50 -0.005983
5682.25 -0.004041
5685.00 -0.005906
5687.75 -0.003922
5690.50 -0.005654
5693.25 -0.003727
5696.00 -0.005871
5698.75 -0.006787
5701.50 -0.005992
5704.25 -0.004917
5707.00 -0.004790
5709.75 -0.004915
5712.50 -0.002964
5715.25 -0.003464
5718.00 -0.003537
5720.75 -0.002353
5723.50 -0.003039
5726.25 -0.004351
5729.00 -0.005000
5731.75 -0.004653
5734.50 -0.004775
5737.25 -0.005320
5740.00 -0.004474
5742.75 -0.005897
5745.50 -0.004971
5748.25 -0.003895
5751.00 -0.004727
5753.75 -0.003871
5756.50 -0.004662
5759.25 -0.002225
5762.00 -0.002707
5764.75 -0.004266
5767.50 -0.002103
5770.25 -0.003106
5773.00 -0.002665
5775.75 -0.003859
5778.50 -0.002106
5781.25 -0.003591
5784.00 -0.001923
5786.75 -0.002742
5789.50 -0.002078
5792.25 -0.004089
5795.00 -0.001946
5797.75 -0.004177
5800.50 -0.004802
5803.25 -0.005082
5806.00 -0.004601
5808.75 -0.004286
5811.50 -0.003284
5814.25 -0.003524
5817.00 -0.003540
5819.75 -0.003107
5822.50 -0.003759
5825.25 -0.002683
5828.00 -0.002751
5830.75 -0.001146
5833.50 -0.002270
5836.25 -0.002443
5839.00 -0.003019
5841.75 -0.003665
5844.50 -0.004691
5847.25 -0.002733
5850.00 -0.005534
5852.75 -0.002968
5855.50 -0.004891
5858.25 -0.004801
5861.00 -0.001755
5863.75 -0.003892
5866.50 -0.004150
5869.25 -0.004821
5872.00 -0.005816
5874.75 -0.004571
5877.50 -0.003431
5880.25 -0.004065
5883.00 -0.005081
5885.75 -0.003598
5888.50 -0.003312
5891.25 -0.002784
5894.00 -0.003035
5896.75 -0.003262
5899.50 -0.003094
5902.25 -0.002478
5905.00 -0.002376
5907.75 -0.004277
5910.50 -0.003340
5913.25 -0.005165
5916.00 -0.002508
5918.75 -0.005507
5921.50 -0.003467
5924.25 -0.005353
5927.00 -0.004730
5929.75 -0.004341
5932.50 -0.006293
5935.25 -0.004995
5938.00 -0.003941
5940.75 -0.003386
5943.50 -0.004533
5946.25 -0.005243
5949.00 -0.005402
5951.75 -0.004549
5954.50 -0.004523
5957.25 -0.005542
5960.00 -0.004168
5962.75 -0.003446
5965.50 -0.003988
5968.25 -0.003114
5971.00 -0.003961
5973.75 -0.004820
5976.50 -0.004296
5979.25 -0.004006
5982.00 -0.001916
5984.75 -0.002695
5987.50 -0.003789
5990.25 -0.004808
5993.00 -0.003982
5995.75 -0.003863
5998.50 -0.004104
6001.25 -0.003738
6004.00 -0.003603
6006.75 -0.003838
6009.50 -0.004290
6012.25 -0.003886
6015.00 -0.002410
6017.75 -0.004299
6020.50 -0.004600
6023.25 -0.002792
6026.00 -0.003522
6028.75 -0.002572
6031.50 -0.004957
6034.25 -0.004294
6037.00 -0.006477
6039.75 -0.003653
6042.50 -0.004250
6045.25 -0.003595
6048.00 -0.003944
6050.75 -0.003828
6053.50 -0.004850
6056.25 -0.002292
6059.00 -0.003821
6061.75 -0.003945
6064.50 -0.005351
6067.25 -0.003541
6070.00 -0.002477
6072.75 -0.003306
6075.50 -0.003047
6078.25 -0.004797
6081.00 -0.003730
6083.75 -0.002151
6086.50 -0.003790
6089.25 -0.003254
6092.00 -0.003491
6094.75 -0.004074
6097.50 -0.004558
6100.25 -0.003028
6103.00 -0.003500
6105.75 -0.003841
6108.50 -0.003069
6111.25 -0.004578
6114.00 -0.003340
6116.75 -0.003289
6119.50 -0.002522
6122.25 -0.001771
6125.00 -0.001983
6127.75 -0.002587
6130.50 -0.002404
6133.25 -0.000257
6136.00 -0.001630
6138.75 -0.001505
6141.50 -0.001654
6144.25 -0.001657
6147.00 -0.002272
6149.75 -0.003407
6152.50 -0.001355
6155.25 -0.001024
6158.00 -0.001502
6160.75 -0.001927
6163.50 -0.000688
6166.25 -0.001107
6169.00 -0.001000
6171.75 0.000597
6174.50 -0.001323
6177.25 -0.000161
6180.00 0.000795
6182.75 0.000238
6185.50 -0.001504
6188.25 -0.000409
6191.00 0.000048
6193.75 0.000389
6196.50 0.001696
6199.25 -0.000655
6202.00 -0.001346
6204.75 0.000365
6207.50 -0.001452
6210.25 -0.000250
6213.00 -0.001038
6215.75 -0.001314
6218.50 -0.000354
6221.25 -0.000453
6224.00 -0.000448
6226.75 -0.001621
6229.50 -0.000372
6232.25 -0.000067
6235.00 -0.000351
6237.75 -0.000068
6240.50 -0.000482
6243.25 0.000170
6246.00 -0.000509
6248.75 0.000116
6251.50 -0.000409
6254.25 -0.000657
6257.00 -0.001077
6259.75 -0.001236
6262.50 -0.001772
6265.25 -0.000364
6268.00 -0.001836
6270.75 -0.000788
6273.50 -0.000368
6276.25 0.000486
6279.00 0.000547
6281.75 -0.000555
6284.50 -0.001720
6287.25 -0.000996
6290.00 -0.000504
6292.75 -0.001003
6295.50 -0.001576
6298.25 -0.001628
6301.00 -0.000944
6303.75 -0.001517
6306.50 -0.001445
6309.25 -0.001698
6312.00 -0.000877
6314.75 -0.001185
6317.50 -0.002472
6320.25 -0.001889
6323.00 -0.000972
6325.75 -0.000952
6328.50 -0.000280
6331.25 -0.002458
6334.00 -0.001767
6336.75 -0.001577
6339.50 -0.001279
6342.25 -0.000793
6345.00 -0.001136
6347.75 -0.001385
6350.50 -0.000851
6353.25 -0.000817
6356.00 -0.001996
6358.75 -0.001440
6361.50 -0.001855
6364.25 -0.001306
6367.00 -0.001335
6369.75 -0.001036
6372.50 -0.001081
6375.25 -0.001142
6378.00 -0.001246
6380.75 -0.001756
6383.50 -0.000775
6386.25 -0.000699
6389.00 -0.000996
6391.75 -0.001380
6394.50 -0.001203
6397.25 -0.000934
6400.00 -0.001661
6402.75 -0.002620
6405.50 -0.001309
6408.25 -0.002069
6411.00 -0.001056
6413.75 -0.001079
6416.50 -0.001433
6419.25 -0.000021
6422.00 -0.001051
6424.75 -0.000182
6427.50 -0.000309
6430.25 -0.000563
6433.00 0.000210
6435.75 -0.000554
6438.50 -0.000131
6441.25 0.000177
6444.00 0.000442
6446.75 0.001014
6449.50 0.000625
6452.25 0.000363
6455.00 -0.000496
6457.75 0.000411
6460.50 0.000234
6463.25 -0.000135
6466.00 0.001146
6468.75 0.000108
6471.50 0.001222
6474.25 0.000372
6477.00 0.000316
6479.75 0.000636
6482.50 0.002172
6485.25 0.000850
6488.00 0.001745
6490.75 0.003400
6493.50 0.002883
6496.25 0.002106
6499.00 0.002703
6501.75 0.003407
6504.50 0.004028
6507.25 0.004960
6510.00 0.005780
6512.75 0.005615
6515.50 0.006193
6518.25 0.006645
6521.00 0.007510
6523.75 0.008367
6526.50 0.009032
6529.25 0.009059
6532.00 0.010095
6534.75 0.011050
6537.50 0.012633
6540.25 0.014973
6543.00 0.016835
6545.75 0.017909
6548.50 0.020968
6551.25 0.022858
6554.00 0.025992
6556.75 0.028988
6559.50 0.030285
6562.25 0.032944
6565.00 0.035214
6567.75 0.036294
6570.50 0.032121
6573.25 0.030659
6576.00 0.028517
6578.75 0.026480
6581.50 0.024199
6584.25 0.022557
6587.00 0.021398
6589.75 0.019761
6592.50 0.017179
6595.25 0.015726
6598.00 0.015811
6600.75 0.014150
6603.50 0.013651
6606.25 0.011685
6609.00 0.011141
6611.75 0.009967
6614.50 0.008888
6617.25 0.008049
6620.00 0.008452
6622.75 0.007537
6625.50 0.006921
6628.25 0.007631
6631.00 0.006587
6633.75 0.007233
6636.50 0.006089
6639.25 0.004779
6642.00 0.005438
6644.75 0.004583
6647.50 0.004375
6650.25 0.004541
6653.00 0.004332
6655.75 0.003854
6658.50 0.004248
6661.25 0.003325
6664.00 0.003863
6666.75 0.003421
6669.50 0.003034
6672.25 0.003760
6675.00 0.003398
6677.75 0.003440
6680.50 0.002647
6683.25 0.002819
6686.00 0.003118
6688.75 0.003071
6691.50 0.003268
6694.25 0.003673
6697.00 0.003092
6699.75 0.002904
6702.50 0.002414
6705.25 0.002368
6708.00 0.003784
6710.75 0.003357
6713.50 0.002947
6716.25 0.002979
6719.00 0.002918
6721.75 0.003294
6724.50 0.002978
6727.25 0.002798
6730.00 0.003097
6732.75 0.003029
6735.50 0.003560
6738.25 0.002835
6741.00 0.002408
6743.75 0.002493
6746.50 0.002003
6749.25 0.002412
6752.00 0.003148
6754.75 0.002010
6757.50 0.002308
6760.25 0.002077
6763.00 0.002448
6765.75 0.002426
6768.50 0.002845
6771.25 0.002985
6774.00 0.002139
6776.75 0.002491
6779.50 0.003258
6782.25 0.001809
6785.00 0.001693
6787.75 0.002230
6790.50 0.002466
6793.25 0.001506
6796.00 0.002243
6798.75 0.002171
6801.50 0.001241
6804.25 0.002158
6807.00 0.001939
6809.75 0.002143
6812.50 0.002423
6815.25 0.001519
6818.00 0.002885
6820.75 0.002006
6823.50 0.002317
6826.25 0.002624
6829.00 0.002184
6831.75 0.001956
6834.50 0.001777
6837.25 0.001753
6840.00 0.002203
6842.75 0.002395
6845.50 0.001436
6848.25 0.002086
6851.00 0.001796
6853.75 0.001890
6856.50 0.001708
6859.25 0.001421
6862.00 0.001849
6864.75 0.001422
6867.50 0.001494
6870.25 0.003626
6873.00 0.002383
6875.75 0.001848
6878.50 0.002623
6881.25 0.003139
6884.00 0.002623
6886.75 0.002487
6889.50 0.002265
6892.25 0.001784
6895.00 0.001915
6897.75 0.001290
6900.50 0.002823
6903.25 0.002614
6906.00 0.002730
6908.75 0.002419
6911.50 0.002616
6914.25 0.002701
6917.00 0.002606
6919.75 0.002373
6922.50 0.002500
6925.25 0.002286
6928.00 0.002466
6930.75 0.001691
6933.50 0.001767
6936.25 0.002186
6939.00 0.002542
6941.75 0.002331
6944.50 0.002588
6947.25 0.002620
6950.00 0.002564
6952.75 0.002847
6955.50 0.002672
6958.25 0.002442
6961.00 0.002049
6963.75 0.002815
6966.50 0.002739
6969.25 0.002603
6972.00 0.002337
6974.75 0.002218
6977.50 0.002179
6980.25 0.002544
6983.00 0.002421
6985.75 0.003028
6988.50 0.003513
6991.25 0.002950
6994.00 0.003318
6996.75 0.002803
6999.50 0.003135
7002.25 0.002863
7005.00 0.003627
7007.75 0.002814
7010.50 0.002154
7013.25 0.002065
7016.00 0.001870
7018.75 0.002391
7021.50 0.002492
7024.25 0.002640
7027.00 0.003076
7029.75 0.003062
7032.50 0.002512
7035.25 0.002458
7038.00 0.004170
7040.75 0.002858
7043.50 0.003507
7046.25 0.003567
7049.00 0.004049
7051.75 0.003499
7054.50 0.003146
7057.25 0.003086
7060.00 0.004588
7062.75 0.003806
7065.50 0.004035
7068.25 0.004651
7071.00 0.004408
7073.75 0.004109
7076.50 0.004078
7079.25 0.003518
7082.00 0.003220
7084.75 0.003157
7087.50 0.003364
7090.25 0.002166
7093.00 0.003161
7095.75 0.002654
7098.50 0.003505
7101.25 0.002953
7104.00 0.003819
7106.75 0.003704
7109.50 0.004048
7112.25 0.003668
7115.00 0.003396
7117.75 0.004327
7120.50 0.003615
7123.25 0.004404
7126.00 0.004011
7128.75 0.004281
7131.50 0.004562
7134.25 0.004335
7137.00 0.004376
7139.75 0.003943
7142.50 0.004032
7145.25 0.004934
7148.00 0.005548
7150.75 0.004553
7153.50 0.005560
7156.25 0.005549
7159.00 0.005722
7161.75 0.005379
7164.50 0.005476
7167.25 0.006018
7170.00 0.005479
7172.75 0.005647
7175.50 0.006550
7178.25 0.005712
7181.00 0.006036
7183.75 0.005445
7186.50 0.006316
7189.25 0.006690
7192.00 0.006979
7194.75 0.006702
7197.50 0.006543
7200.25 0.006370
7203.00 0.004222
7205.75 0.006496
7208.50 0.005619
7211.25 0.006368
7214.00 0.006369
7216.75 0.005907
7219.50 0.006463
7222.25 0.006538
7225.00 0.006711
7227.75 0.006887
7230.50 0.005402
7233.25 0.004762
7236.00 0.005240
7238.75 0.005411
7241.50 0.005426
7244.25 0.005301
7247.00 0.005462
7249.75 0.005583
7252.50 0.005650
7255.25 0.005492
7258.00 0.005445
7260.75 0.005816
7263.50 0.006488
7266.25 0.005658
7269.00 0.005858
7271.75 0.005248
7274.50 0.005212
7277.25 0.005006
7280.00 0.005107
7282.75 0.005174
7285.50 0.005111
7288.25 0.005247
7291.00 0.005191
7293.75 0.006075
7296.50 0.005608
7299.25 0.005732
7302.00 0.005656
7304.75 0.005664
7307.50 0.005713
7310.25 0.005205
7313.00 0.005766
7315.75 0.005659
7318.50 0.005824
7321.25 0.006080
7324.00 0.006466
7326.75 0.005969
7329.50 0.005870
7332.25 0.005841
7335.00 0.005947
7337.75 0.006147
7340.50 0.006315
7343.25 0.006072
7346.00 0.006261
7348.75 0.006013
7351.50 0.006027
7354.25 0.005968
7357.00 0.005920
7359.75 0.005817
7362.50 0.006013
7365.25 0.005973
7368.00 0.006158
7370.75 0.006309
7373.50 0.006288
7376.25 0.006977
7379.00 0.005223
7381.75 0.006190
7384.50 0.006876
7387.25 0.005901
7390.00 0.006586
7392.75 0.006501
7395.50 0.006389
7398.25 0.006508
7401.00 0.006805
7403.75 0.006342
7406.50 0.006829
7409.25 0.006768
7412.00 0.006239
7414.75 0.006075
7417.50 0.006208
7420.25 0.006459
7423.00 0.005582
7425.75 0.006298
7428.50 0.005154
7431.25 0.006156
7434.00 0.005940
7436.75 0.005945
7439.50 0.005870
7442.25 0.005957
7445.00 0.006204
7447.75 0.005852
7450.50 0.006125
7453.25 0.006049
7456.00 0.006116
7458.75 0.005743
7461.50 0.005770
7464.25 0.005621
7467.00 0.005134
7469.75 0.006023
7472.50 0.006017
7475.25 0.005949
7478.00 0.006238
7480.75 0.005825
7483.50 0.005917
7486.25 0.005770
7489.00 0.005794
7491.75 0.005036
7494.50 0.005719
7497.25 0.006613
7500.00 0.005124
7502.75 0.004644
7505.50 0.004946
7508.25 0.006223
7511.00 0.005694
7513.75 0.004374
7516.50 0.005155
7519.25 0.006007
7522.00 0.005678
7524.75 0.005577
7527.50 0.005334
7530.25 0.005369
7533.00 0.005422
7535.75 0.005606
7538.50 0.004818
7541.25 0.004813
7544.00 0.004960
7546.75 0.005037
7549.50 0.004824
7552.25 0.005573
7555.00 0.004792
7557.75 0.003924
7560.50 0.004167
7563.25 0.005104
7566.00 0.004598
7568.75 0.004342
7571.50 0.004208
7574.25 0.004173
7577.00 0.004335
7579.75 0.004605
7582.50 0.004235
7585.25 0.003825
7588.00 0.003771
7590.75 0.004197
7593.50 0.003962
7596.25 0.004447
7599.00 0.004721
7601.75 0.004539
7604.50 0.002780
7607.25 0.005281
7610.00 0.006017
7612.75 0.004364
7615.50 0.003368
7618.25 0.002776
7621.00 0.004377
7623.75 0.005714
7626.50 0.003370
7629.25 0.003441
7632.00 0.003396
7634.75 0.004205
7637.50 0.003958
7640.25 0.005233
7643.00 0.003568
7645.75 0.004370
7648.50 0.003622
7651.25 0.004919
7654.00 0.005135
7656.75 0.004165
7659.50 0.004317
7662.25 0.004342
7665.00 0.004533
7667.75 0.003166
7670.50 0.003780
7673.25 0.004423
7676.00 0.004421
7678.75 0.004206
7681.50 0.003727
7684.25 0.004062
7687.00 0.004436
7689.75 0.003677
7692.50 0.004081
7695.25 0.005943
7698.00 0.005387
7700.75 0.004442
7703.50 0.005188
7706.25 0.004769
7709.00 0.005539
7711.75 0.005456
7714.50 0.005277
7717.25 0.005258
7720.00 0.004975
7722.75 0.005917
7725.50 0.005520
7728.25 0.005508
7731.00 0.005340
7733.75 0.004803
7736.50 0.005239
7739.25 0.004298
7742.00 0.004282
7744.75 0.004127
7747.50 0.003615
7750.25 0.003633
7753.00 0.003626
7755.75 0.003541
7758.50 0.003663
7761.25 0.003747
7764.00 0.003764
7766.75 0.006583
7769.50 0.005704
7772.25 0.004726
7775.00 0.006077
7777.75 0.006067
7780.50 0.006177
7783.25 0.006019
7786.00 0.005676
7788.75 0.006708
7791.50 0.006603
7794.25 0.006838
7797.00 0.006518
7799.75 0.006713
7802.50 0.006974
7805.25 0.008395
7808.00 0.010505
7810.75 0.009904
7813.50 0.010599
7816.25 0.009769
7819.00 0.010307
7821.75 0.009320
7824.50 0.010000
7827.25 0.010130
7830.00 0.009188
7832.75 0.010625
7835.50 0.009827
7838.25 0.009365
7841.00 0.008538
7843.75 0.009895
7846.50 0.009245
7849.25 0.009478
7852.00 0.009652
7854.75 0.009536
7857.50 0.009867
7860.25 0.009561
7863.00 0.010098
7865.75 0.010885
7868.50 0.010848
7871.25 0.010769
7874.00 0.010479
7876.75 0.008627
7879.50 0.008474
7882.25 0.008428
7885.00 0.009290
7887.75 0.007592
7890.50 0.007080
7893.25 0.007790
7896.00 0.007738
7898.75 0.007050
7901.50 0.007798
7904.25 0.007400
7907.00 0.007963
7909.75 0.008441
7912.50 0.008038
7915.25 0.007677
7918.00 0.008532
7920.75 0.007810
7923.50 0.007323
7926.25 0.007559
7929.00 0.006221
7931.75 0.005836
7934.50 0.006001
7937.25 0.006424
7940.00 0.005699
7942.75 0.007932
7945.50 0.006627
7948.25 0.006788
7951.00 0.006004
7953.75 0.006501
7956.50 0.006446
7959.25 0.006205
7962.00 0.006354
7964.75 0.006448
7967.50 0.006537
7970.25 0.006433
7973.00 0.005060
7975.75 0.005784
7978.50 0.005592
7981.25 0.005557
7984.00 0.005996
7986.75 0.007310
7989.50 0.004923
7992.25 0.005020
7995.00 0.004873
7997.75 0.005416
